cmd: ./start
events: Ir Bc Bcm Bi Bim
fl=./csu/../csu/libc-start.c
fn=__libc_start_main@@GLIBC_2.34
128 2 0 0 0 0
134 3 1 0 0 0
135 6 0 0 1 1
138 1 0 0 0 0
139 2 1 0 0 0
142 3 0 0 0 0
143 2 0 0 0 0
144 12 2 0 0 0
145 4 0 0 1 1
242 11 0 0 0 0
311 3 1 0 0 0
312 3 0 0 0 0
337 6 1 0 0 0
340 2 1 1 0 0
343 2 0 0 0 0
350 2 0 0 0 0
352 2 1 0 0 0
360 4 0 0 0 0
fl=./csu/../sysdeps/nptl/libc_start_call_main.h
fn=(below main)
29 4 0 0 0 0
44 4 0 0 0 0
46 2 1 0 0 0
51 2 0 0 0 0
52 2 0 0 0 0
55 2 0 0 0 0
58 6 0 0 1 1
fl=./csu/./csu/init-first.c
fn=_init_first
46 3 0 0 0 0
51 2 1 0 0 0
55 5 1 0 0 0
61 1 0 0 0 0
62 1 0 0 0 0
63 2 0 0 0 0
71 2 0 0 0 0
72 2 0 0 0 0
fl=./ctype/./ctype/ctype-info.c
fn=__ctype_init
31 7 0 0 0 0
33 4 0 0 0 0
35 4 0 0 0 0
36 1 0 0 0 0
fl=./debug/../sysdeps/x86_64/multiarch/ifunc-memmove.h
fn=__memcpy_chk
56 2 1 0 0 0
57 3 0 0 0 0
60 3 0 0 0 0
61 2 1 1 0 0
74 2 1 0 0 0
77 2 1 0 0 0
85 2 1 1 0 0
93 2 1 1 0 0
96 5 0 0 0 0
fn=__memmove_chk
56 2 1 0 0 0
57 3 0 0 0 0
60 3 0 0 0 0
61 2 1 1 0 0
74 2 1 0 0 0
77 2 1 0 0 0
85 2 1 1 0 0
93 2 1 1 0 0
96 5 0 0 0 0
fn=__mempcpy_chk
56 2 1 0 0 0
57 3 0 0 0 0
60 3 0 0 0 0
61 2 1 1 0 0
74 2 1 0 0 0
77 2 1 0 0 0
85 2 1 1 0 0
93 2 1 1 0 0
96 5 0 0 0 0
fl=./debug/../sysdeps/x86_64/multiarch/ifunc-memset.h
fn=__memset_chk
52 3 0 0 0 0
53 2 1 1 0 0
61 5 1 0 0 0
64 3 0 0 0 0
65 2 1 1 0 0
80 2 1 0 0 0
82 2 1 0 0 0
92 2 1 1 0 0
100 2 1 1 0 0
fl=./debug/../sysdeps/x86_64/multiarch/memset_chk.c
fn=__memset_chk
29 1 0 0 0 0
fl=./elf/../bits/stdlib-bsearch.h
fn=intel_check_word.constprop.0
26 648 324 38 0 0
28 972 0 0 0 0
43 60 0 0 0 0
44 60 0 0 0 0
46 120 0 0 0 0
fl=./elf/../elf/dl-tls.c
fn=_dl_add_to_slotinfo
1156 15 0 0 0 0
1157 12 6 0 0 0
1165 3 0 0 0 0
1168 3 0 0 0 0
1169 3 0 0 0 0
1173 9 3 1 0 0
1209 6 3 3 0 0
1212 6 0 0 0 0
1213 9 0 0 0 0
1215 6 0 0 0 0
1218 3 0 0 0 0
1219 15 0 0 0 0
fn=_dl_allocate_tls_init
595 9 0 0 0 0
596 2 1 0 0 0
600 2 0 0 0 0
603 1 0 0 0 0
606 2 0 0 1 1
609 3 1 0 0 0
621 1 0 0 0 0
626 24 4 1 0 0
632 9 4 3 0 0
635 9 0 0 0 0
636 6 3 0 0 0
642 9 3 0 0 0
643 6 0 0 0 0
645 26 0 0 0 0
648 6 3 0 0 0
649 6 0 0 0 0
652 6 3 0 0 0
653 12 3 0 0 0
655 6 3 0 0 0
656 6 0 0 0 0
665 3 0 0 0 0
675 6 3 2 0 0
677 27 0 0 0 0
680 6 3 0 0 0
681 3 0 0 0 0
685 3 0 0 0 0
691 2 0 0 1 1
694 2 0 0 0 0
697 9 0 0 0 0
fn=_dl_allocate_tls_storage
91 1 1 0 0 0
97 1 1 0 0 0
509 3 0 0 0 0
515 3 0 0 0 0
517 2 1 0 0 0
527 1 0 0 0 0
529 2 0 0 0 0
530 2 1 0 0 0
535 4 0 0 0 0
fn=_dl_assign_tls_modid
153 3 0 0 0 0
156 9 3 0 0 0
209 3 0 0 0 0
211 3 0 0 0 0
214 3 0 0 0 0
215 6 0 0 0 0
fn=_dl_count_modids
222 2 1 0 0 0
223 1 0 0 0 0
238 2 0 0 0 0
fn=_dl_determine_tlsoffset
243 5 0 0 0 0
244 2 0 0 0 0
245 1 0 0 0 0
246 1 0 0 0 0
278 1 0 0 0 0
280 17 8 1 0 0
281 7 0 0 0 0
283 21 7 3 0 0
286 9 0 0 0 0
287 6 0 0 0 0
289 6 0 0 0 0
291 12 3 3 0 0
307 24 0 0 0 0
309 6 3 3 0 0
310 3 0 0 0 0
315 3 0 0 0 0
319 3 0 0 0 0
336 3 0 0 0 0
342 9 1 0 0 0
353 3 0 0 0 0
355 1 0 0 0 0
356 7 0 0 0 0
358 2 0 0 0 0
447 1 0 0 0 0
448 6 0 0 0 0
fn=_dl_tls_initial_modid_limit_setup
1118 1 0 0 0 0
1121 13 4 1 0 0
1123 12 0 0 0 0
1124 8 4 3 0 0
1127 6 3 0 0 0
1130 1 0 0 0 0
1131 1 0 0 0 0
fn=_dl_tls_static_surplus_init
111 3 0 0 0 0
125 5 0 0 0 0
128 6 0 0 0 0
129 5 0 0 0 0
130 3 0 0 0 0
132 4 1 0 0 0
135 1 0 0 0 0
137 1 0 0 0 0
139 3 0 0 0 0
140 5 0 0 0 0
fn=allocate_dtv
452 4 0 0 0 0
457 1 0 0 0 0
461 1 0 0 0 0
462 1 0 0 0 0
463 2 1 0 0 0
466 1 0 0 0 0
472 3 0 0 0 0
478 4 0 0 0 0
fl=./elf/../include/list.h
fn=__tls_init_tp
43 2 0 0 0 0
44 2 0 0 0 0
45 1 0 0 0 0
47 1 0 0 0 0
fl=./elf/../include/rtld-malloc.h
fn=__minimal_calloc
56 17 0 0 17 1
fn=_dl_allocate_tls_storage
56 1 0 0 1 1
fn=_dl_check_map_versions
44 18 0 0 6 1
fn=_dl_find_object_init
56 2 0 0 1 1
fn=_dl_important_hwcaps
56 4 0 0 2 2
fn=_dl_init_paths
56 5 0 0 3 3
fn=_dl_map_object_deps
56 12 0 0 6 2
fn=_dl_new_object
44 18 0 0 6 1
56 15 0 0 5 1
fn=allocate_dtv
44 2 0 0 1 1
fn=do_lookup_x
44 14 0 0 3 2
fn=fillin_rpath.isra.0
50 2 0 0 1 1
51 1 0 0 0 0
56 2 0 0 1 1
fn=init_tls
44 2 0 0 1 1
fl=./elf/../include/scratch_buffer.h
fn=_dl_map_object_deps
77 2 0 0 0 0
78 1 0 0 0 0
85 3 1 1 0 0
131 15 0 0 0 0
fl=./elf/../misc/sbrk.c
fn=sbrk
37 4 0 0 0 0
40 1 0 0 0 0
58 2 1 0 0 0
62 2 1 1 0 0
78 5 0 0 0 0
fl=./elf/../nptl/nptl-stack.h
fn=__libc_early_init
61 8 0 0 0 0
fl=./elf/../sysdeps/generic/_itoa.h
fn=_dl_check_map_versions
76 33 0 0 0 0
fl=./elf/../sysdeps/generic/dl-cache.h
fn=_dl_load_cache_lookup
194 1 0 0 0 0
195 5 1 1 0 0
fn=search_cache
125 4 0 0 0 0
fl=./elf/../sysdeps/generic/dl-call_tls_init_tp.h
fn=init_tls
31 8 1 0 0 0
33 1 0 0 0 0
fl=./elf/../sysdeps/generic/dl-debug.h
fn=dl_main
29 3 1 0 0 0
30 1 0 0 0 0
fl=./elf/../sysdeps/generic/dl-hash.h
fn=__rtld_malloc_init_real
43 6 0 0 0 0
44 1 0 0 0 0
45 19 6 5 0 0
48 18 0 0 0 0
62 24 0 0 0 0
67 1 0 0 0 0
72 1 0 0 0 0
fl=./elf/../sysdeps/generic/dl-new-hash.h
fn=_dl_lookup_symbol_x
69 1873 0 0 0 0
70 3746 0 0 0 0
74 40726 0 0 0 0
77 81452 40726 974 0 0
80 39785 0 0 0 0
81 79570 39785 932 0 0
87 932 0 0 0 0
88 932 0 0 0 0
89 1864 0 0 0 0
90 932 0 0 0 0
99 38853 0 0 0 0
101 38853 0 0 0 0
102 77706 0 0 0 0
104 38853 0 0 0 0
105 38853 0 0 0 0
fl=./elf/../sysdeps/generic/dl-protected.h
fn=do_lookup_x
29 7460 1857 11 0 0
fl=./elf/../sysdeps/generic/ldsodefs.h
fn=_dl_new_object
1321 48 0 0 0 0
fn=_dl_relocate_object_no_relro
79 41 0 0 0 0
140 10245 0 0 0 0
fn=_dl_start
79 6 0 0 0 0
fn=do_lookup_x
139 3714 0 0 0 0
140 5571 0 0 0 0
fl=./elf/../sysdeps/nptl/dl-mutex.c
fn=__rtld_mutex_init
30 3 0 0 0 0
37 1 0 0 0 0
40 7 0 0 0 0
44 2 1 0 0 0
45 9 1 0 0 0
47 6 0 0 0 0
51 2 1 0 0 0
52 7 1 0 0 0
53 4 0 0 0 0
fl=./elf/../sysdeps/nptl/dl-tls_init_tp.c
fn=__tls_init_tp
69 3 0 0 0 0
70 1 0 0 0 0
73 1 0 0 0 0
76 4 0 0 0 0
77 2 0 0 0 0
78 1 0 0 0 0
83 2 0 0 0 0
88 4 0 0 0 0
91 1 0 0 0 0
94 3 0 0 0 0
110 4 0 0 0 0
112 1 0 0 0 0
118 2 0 0 0 0
119 4 0 0 0 0
fn=__tls_pre_init_tp
54 2 0 0 0 0
57 10 0 0 0 0
62 2 0 0 0 0
63 1 0 0 0 0
65 1 0 0 0 0
fn=rtld_mutex_dummy
45 356 0 0 0 0
fl=./elf/../sysdeps/nptl/pthread_early_init.h
fn=__libc_early_init
33 6 1 0 0 0
34 1 0 0 0 0
38 5 0 0 0 0
45 2 0 0 0 0
46 1 0 0 0 0
48 2 0 0 0 0
52 5 0 0 0 0
53 1 0 0 0 0
54 1 0 0 0 0
56 1 0 0 0 0
fl=./elf/../sysdeps/posix/dl-fileid.h
fn=_dl_map_object_from_fd
37 25 5 0 0 0
40 10 0 0 0 0
49 60 30 7 0 0
fl=./elf/../sysdeps/unix/sysv/linux/brk.c
fn=brk
37 1 0 0 0 0
38 2 1 0 0 0
44 1 0 0 0 0
45 1 0 0 0 0
fl=./elf/../sysdeps/unix/sysv/linux/brk_call.h
fn=brk
24 2 0 0 0 0
fl=./elf/../sysdeps/unix/sysv/linux/dl-extra_tls.h
fn=_dl_determine_tlsoffset
32 5 0 0 0 0
33 3 1 0 0 0
37 10 0 0 0 0
44 1 0 0 0 0
51 4 0 0 0 0
52 3 1 1 0 0
54 1 0 0 0 0
fl=./elf/../sysdeps/unix/sysv/linux/dl-osinfo.h
fn=dl_main
39 2 0 0 0 0
52 1 0 0 0 0
fl=./elf/../sysdeps/unix/sysv/linux/dl-parse_auxv.h
fn=_dl_sysdep_parse_arguments
33 2 0 0 0 0
34 1 0 0 0 0
35 1 0 0 0 0
42 93 23 6 0 0
43 44 22 0 0 0
44 44 0 0 0 0
46 1 0 0 0 0
47 2 0 0 0 0
48 2 0 0 0 0
49 3 0 0 0 0
50 2 0 0 0 0
51 2 0 0 0 0
52 2 0 0 0 0
53 2 0 0 0 0
54 2 0 0 0 0
55 2 0 0 0 0
57 2 0 0 0 0
65 6 0 0 0 0
67 4 0 0 0 0
fl=./elf/../sysdeps/unix/sysv/linux/dl-sysdep.c
fn=_dl_sysdep_parse_arguments
79 8 0 0 0 0
80 2 0 0 0 0
81 2 0 0 0 0
82 3 0 0 0 0
83 61 0 0 0 0
84 125 62 10 0 0
87 2 0 0 0 0
91 56 52 10 0 0
94 2 0 0 0 0
95 4 0 0 0 0
96 2 0 0 0 0
97 8 0 0 0 0
fn=_dl_sysdep_start
103 3 0 0 0 0
104 1 0 0 0 0
107 2 0 0 0 0
111 2 0 0 0 0
114 1 0 0 0 0
116 2 0 0 0 0
123 3 1 0 0 0
124 2 0 0 0 0
126 5 1 0 0 0
138 3 1 0 0 0
141 5 0 0 1 1
144 4 0 0 0 0
fn=_dl_sysdep_start_cleanup
149 1 0 0 0 0
fl=./elf/../sysdeps/unix/sysv/linux/dl-vdso-setup.h
fn=dl_main
30 1 0 0 0 0
33 1 0 0 0 0
36 1 0 0 0 0
39 1 0 0 0 0
45 1 0 0 0 0
54 1 0 0 0 0
fl=./elf/../sysdeps/unix/sysv/linux/dl-vdso.h
fn=dl_main
40 2 0 0 0 0
41 5 1 0 0 0
55 2 0 0 0 0
fl=./elf/../sysdeps/unix/sysv/linux/rseq-internal.h
fn=__tls_init_tp
93 3 0 0 0 0
100 3 1 1 0 0
108 4 0 0 0 0
112 4 0 0 0 0
116 1 0 0 0 0
118 5 0 0 0 0
119 2 1 1 0 0
124 1 0 0 0 0
fl=./elf/../sysdeps/unix/sysv/linux/x86/dl-hwcap2.h
fn=update_active.constprop.0
25 2 1 1 0 0
fl=./elf/../sysdeps/unix/sysv/linux/x86/dl-minsigstacksize.h
fn=get_common_indices.constprop.0
24 2 1 0 0 0
27 2 1 0 0 0
28 2 1 0 0 0
65 3 0 0 0 0
72 1 0 0 0 0
74 1 0 0 0 0
fl=./elf/../sysdeps/x86/cpu-features.c
fn=get_common_indices.constprop.0
467 1 0 0 0 0
471 4 1 0 0 0
474 5 0 0 0 0
478 1 0 0 0 0
479 4 0 0 0 0
480 4 0 0 0 0
481 4 0 0 0 0
482 3 0 0 0 0
483 2 1 0 0 0
490 2 1 0 0 0
492 9 0 0 0 0
497 8 0 0 0 0
504 2 1 0 0 0
505 7 0 0 0 0
511 2 1 1 0 0
526 2 0 0 0 0
fn=init_cpu_features.constprop.0
445 3 0 0 0 0
446 2 1 0 0 0
447 6 0 0 0 0
452 2 1 1 0 0
453 6 0 0 0 0
458 2 1 0 0 0
459 7 0 0 0 0
751 7 0 0 0 0
754 1 0 0 0 0
755 1 0 0 0 0
756 1 0 0 0 0
763 1 0 0 0 0
765 1 0 0 0 0
774 3 0 0 0 0
777 6 3 0 0 0
778 1 0 0 0 0
781 1 0 0 0 0
783 6 0 0 0 0
788 1 0 0 0 0
792 1 0 0 0 0
793 4 0 0 0 0
795 3 1 1 0 0
797 9 1 0 0 0
801 7 1 0 1 1
854 2 1 1 0 0
861 3 0 0 0 0
879 1 0 0 0 0
920 2 1 1 0 0
954 4 1 1 0 0
957 2 0 0 0 0
967 2 0 0 0 0
973 2 1 0 0 0
975 2 0 0 0 0
979 2 1 0 0 0
985 2 1 1 0 0
1133 3 1 0 0 0
1134 2 0 0 0 0
1137 2 1 0 0 0
1138 2 0 0 0 0
1141 5 1 1 0 0
1148 1 0 0 0 0
1149 1 0 0 0 0
1150 1 0 0 0 0
1151 2 0 0 0 0
1155 4 0 0 0 0
1158 4 0 0 0 0
1164 3 1 1 0 0
1168 1 0 0 0 0
1177 2 0 0 0 0
1178 3 1 0 0 0
1217 1 0 0 0 0
1218 2 1 1 0 0
1222 3 1 1 0 0
1239 2 1 1 0 0
1240 3 0 0 0 0
1242 3 1 0 0 0
1243 2 1 0 0 0
1245 4 1 0 0 0
1246 1 0 0 0 0
1249 2 0 0 0 0
1269 2 1 0 0 0
1270 1 0 0 0 0
1272 7 1 0 0 0
1275 1 0 0 0 0
1278 1 0 0 0 0
1310 4 0 0 0 0
1317 8 0 0 0 0
fn=update_active.constprop.0
87 7 0 0 0 0
91 1 0 0 0 0
99 3 0 0 0 0
100 3 0 0 0 0
101 2 0 0 0 0
109 3 0 0 0 0
110 1 0 0 0 0
118 3 0 0 0 0
119 1 0 0 0 0
124 4 0 0 0 0
127 4 0 0 0 0
128 1 0 0 0 0
131 5 0 0 0 0
132 2 0 0 0 0
136 5 0 0 0 0
137 3 0 0 0 0
138 3 0 0 0 0
139 1 0 0 0 0
143 4 0 0 0 0
144 5 0 0 0 0
145 3 0 0 0 0
148 6 0 0 0 0
160 1 0 0 0 0
162 2 1 0 0 0
166 5 0 0 0 0
167 3 0 0 0 0
169 3 1 1 0 0
173 2 1 0 0 0
175 1 0 0 0 0
176 1 0 0 0 0
179 2 1 1 0 0
181 2 0 0 0 0
185 1 0 0 0 0
186 1 0 0 0 0
193 4 0 0 0 0
195 5 0 0 0 0
201 4 0 0 0 0
203 4 0 0 0 0
205 3 0 0 0 0
210 4 1 1 0 0
259 2 0 0 0 0
260 3 1 1 0 0
276 4 1 0 0 0
292 2 1 1 0 0
296 1 0 0 0 0
297 1 0 0 0 0
300 4 0 0 0 0
304 2 1 1 0 0
308 3 0 0 0 0
309 2 1 0 0 0
313 1 0 0 0 0
314 1 0 0 0 0
317 2 0 0 0 0
319 1 0 0 0 0
322 2 1 1 0 0
425 2 1 1 0 0
429 3 1 1 0 0
438 1 0 0 0 0
439 8 0 0 0 0
fl=./elf/../sysdeps/x86/dl-cacheinfo.h
fn=get_common_cache_info.constprop.0
613 10 0 0 0 0
628 1 0 0 0 0
631 1 0 0 0 0
632 1 0 0 0 0
638 1 0 0 0 0
640 11 0 0 0 0
643 2 1 0 0 0
655 1 0 0 0 0
660 4 1 0 0 0
664 2 1 0 0 0
669 1 0 0 0 0
672 20 0 0 0 0
678 8 1 0 0 0
679 8 4 4 0 0
682 26 7 3 0 0
687 2 1 0 0 0
691 3 0 0 0 0
692 1 0 0 0 0
696 2 1 0 0 0
700 3 0 0 0 0
703 4 0 0 0 0
704 1 0 0 0 0
709 4 2 2 0 0
715 4 1 0 0 0
723 8 0 0 0 0
725 3 1 0 0 0
727 8 2 1 0 0
729 7 0 0 0 0
732 2 0 0 0 0
733 8 3 0 0 0
735 4 2 1 0 0
738 2 1 0 0 0
743 1 0 0 0 0
745 10 0 0 0 0
746 3 0 0 0 0
747 1 0 0 0 0
750 3 1 1 0 0
753 2 1 0 0 0
757 2 1 0 0 0
760 1 0 0 0 0
762 4 0 0 0 0
763 2 0 0 0 0
768 2 0 0 0 0
773 2 1 0 0 0
774 1 0 0 0 0
775 3 1 0 0 0
776 2 0 0 0 0
777 2 1 0 0 0
801 3 0 0 0 0
812 4 2 0 0 0
813 5 0 0 0 0
817 2 1 1 0 0
824 1 0 0 0 0
825 1 0 0 0 0
826 1 0 0 0 0
827 7 0 0 0 0
fn=handle_intel.constprop.0
250 84 0 0 0 0
255 24 12 0 0 0
261 12 0 0 0 0
262 12 0 0 0 0
267 60 0 0 0 0
271 24 12 11 0 0
276 24 0 0 0 0
279 60 0 0 0 0
281 24 12 0 0 0
284 60 0 0 0 0
286 24 12 12 0 0
305 96 0 0 0 0
fn=init_cpu_features.constprop.0
834 1 0 0 0 0
835 1 0 0 0 0
836 1 0 0 0 0
850 2 1 1 0 0
852 4 0 0 0 0
853 4 0 0 0 0
854 1 0 0 0 0
857 3 0 0 0 0
859 3 0 0 0 0
860 1 0 0 0 0
862 3 0 0 0 0
864 3 0 0 0 0
866 3 0 0 0 0
868 3 0 0 0 0
870 3 0 0 0 0
873 3 0 0 0 0
875 3 0 0 0 0
877 3 0 0 0 0
879 8 0 0 0 0
953 1 0 0 0 0
954 2 0 0 0 0
955 2 0 0 0 0
956 2 0 0 0 0
957 2 0 0 0 0
958 1 0 0 0 0
959 1 0 0 0 0
960 2 0 0 0 0
961 1 0 0 0 0
962 2 0 0 0 0
963 1 0 0 0 0
964 1 0 0 0 0
966 3 1 0 0 0
969 3 0 0 0 0
983 3 0 0 0 0
984 7 0 0 0 0
989 2 0 0 0 0
990 5 0 0 0 0
991 2 0 0 0 0
999 6 0 0 0 0
1000 2 1 0 0 0
1020 6 0 0 0 0
1029 2 0 0 0 0
1030 2 1 1 0 0
1035 3 1 0 0 0
1038 1 0 0 0 0
1039 2 0 0 0 0
1048 2 0 0 0 0
1049 3 0 0 0 0
1055 2 0 0 0 0
1062 5 0 0 0 0
1064 2 0 0 0 0
1067 5 0 0 0 0
1069 2 1 1 0 0
1075 3 0 0 0 0
1079 5 0 0 0 0
1080 5 1 0 0 0
1084 5 0 0 0 0
1085 5 1 0 0 0
1089 6 0 0 0 0
1090 4 1 0 0 0
1096 6 0 0 0 0
1098 3 1 0 0 0
1122 12 0 0 0 0
1128 2 1 0 0 0
1131 9 0 0 0 0
1133 9 0 0 0 0
1134 10 0 0 0 0
1135 13 0 0 0 0
1138 12 0 0 0 0
1146 1 0 0 0 0
1147 2 0 0 0 0
1148 2 0 0 0 0
1149 2 0 0 0 0
1150 2 0 0 0 0
1151 1 0 0 0 0
1152 1 0 0 0 0
fn=intel_check_word.constprop.0
110 648 324 12 0 0
113 588 324 28 0 0
119 144 0 0 0 0
123 48 24 0 0 0
125 12 0 0 0 0
129 144 0 0 0 0
131 144 72 2 0 0
133 60 0 0 0 0
135 120 60 0 0 0
143 120 60 2 0 0
152 24 0 0 0 0
155 111 0 0 0 0
158 99 33 1 0 0
162 64 0 0 0 0
164 192 44 6 0 0
165 24 12 4 0 0
167 104 20 3 0 0
168 96 18 5 0 0
169 84 15 3 0 0
170 72 12 4 0 0
172 11 0 0 0 0
174 22 11 4 0 0
176 12 0 0 0 0
177 16 0 0 0 0
178 12 0 0 0 0
179 20 0 0 0 0
180 14 7 3 0 0
181 12 0 0 0 0
183 8 4 0 0 0
184 12 0 0 0 0
187 21 0 0 0 0
190 2 0 0 0 0
194 192 48 6 0 0
202 168 0 0 0 0
216 168 0 0 0 0
246 144 0 0 0 0
fl=./elf/../sysdeps/x86/dl-get-cpu-features.c
fn=__x86_cpu_features
39 3 1 0 0 0
76 2 0 0 0 0
fn=_dl_x86_init_cpu_features
39 3 1 1 0 0
41 1 0 0 0 0
fl=./elf/../sysdeps/x86/dl-prop.h
fn=_dl_map_object_from_fd
149 24 12 7 0 0
fn=_dl_process_pt_gnu_property
95 12 3 2 0 0
102 6 3 0 0 0
115 6 3 0 0 0
118 3 0 0 0 0
252 6 3 1 0 0
253 3 0 0 0 0
257 12 0 0 0 0
260 3 0 0 0 0
fn=dl_main
36 1 0 0 0 0
37 24 8 5 0 0
40 8 0 0 0 0
49 40 14 1 0 0
53 34 6 0 0 0
149 4 2 2 0 0
fl=./elf/../sysdeps/x86/get-isa-level.h
fn=_dl_hwcaps_subdirs_active
30 4 1 1 0 0
31 1 0 0 0 0
32 3 1 0 0 0
36 3 1 0 0 0
39 4 1 0 0 0
40 4 1 0 0 0
45 4 1 0 0 0
48 2 1 0 0 0
51 5 1 0 0 0
53 4 1 0 0 0
54 2 1 0 0 0
55 2 1 0 0 0
58 4 1 1 0 0
fn=update_active.constprop.0
28 1 0 0 0 0
30 4 1 1 0 0
31 1 0 0 0 0
32 3 1 0 0 0
36 3 1 1 0 0
38 1 0 0 0 0
39 3 1 0 0 0
40 4 1 0 0 0
45 4 0 0 0 0
47 1 0 0 0 0
48 2 1 0 0 0
51 5 1 0 0 0
53 4 1 0 0 0
54 2 0 0 0 0
55 2 1 0 0 0
57 1 0 0 0 0
58 4 1 1 0 0
fl=./elf/../sysdeps/x86_64/dl-hwcaps-subdirs.c
fn=_dl_hwcaps_subdirs_active
38 3 0 0 0 0
43 1 0 0 0 0
48 1 0 0 0 0
52 1 0 0 0 0
fl=./elf/../sysdeps/x86_64/dl-irel.h
fn=_dl_fixup
32 2 0 0 2 2
fl=./elf/../sysdeps/x86_64/dl-machine.h
fn=_dl_fixup
223 75 0 0 0 0
fn=_dl_relocate_object_no_relro
78 20 5 2 0 0
84 12 3 2 0 0
88 9 3 0 0 0
94 3 0 0 0 0
103 9 3 0 0 0
126 6 0 0 0 0
262 6864 0 0 0 0
269 6864 3432 5 0 0
273 6864 3432 0 0 0
282 31279 6903 6 0 0
285 3399 0 0 0 0
286 13952 3488 3 0 0
312 20592 3432 2 3432 593
315 26 0 0 0 0
318 26 0 0 0 0
341 8 4 0 0 0
342 12 0 0 0 0
347 6 2 0 0 0
349 4 0 0 0 0
358 4 0 0 0 0
395 51 17 0 0 0
397 68 17 0 0 0
401 51 0 0 0 0
410 34 0 0 0 0
418 9591 0 0 0 0
449 17 0 0 0 0
455 6 2 0 0 0
459 8 0 0 0 0
460 8 0 0 0 0
461 10 2 0 0 0
462 4 2 2 0 0
471 144 0 0 0 0
472 216 72 0 0 0
473 72 0 0 72 72
474 72 0 0 0 0
493 3060 0 0 0 0
494 1020 0 0 0 0
498 2040 1020 2 0 0
499 2040 0 0 0 0
509 2226 0 0 0 0
513 2226 1113 0 0 0
516 3339 1113 0 0 0
517 1113 0 0 0 0
725 35 7 3 0 0
729 6 3 0 0 0
fn=_dl_start
273 2 1 0 0 0
282 10 2 0 0 0
286 4 1 0 0 0
312 4 2 1 0 0
fn=_dl_sysdep_start
209 1 0 0 0 0
fl=./elf/../sysdeps/x86_64/dl-runtime.h
fn=_dl_fixup
28 75 0 0 0 0
fl=./elf/../sysdeps/x86_64/dl-trampoline.h
fn=_dl_runtime_resolve_xsave
44 75 0 0 0 0
47 75 0 0 0 0
49 75 0 0 0 0
59 75 0 0 0 0
65 75 0 0 0 0
66 75 0 0 0 0
67 75 0 0 0 0
68 75 0 0 0 0
69 75 0 0 0 0
70 75 0 0 0 0
71 75 0 0 0 0
75 75 0 0 0 0
76 75 0 0 0 0
79 75 0 0 0 0
80 75 0 0 0 0
82 75 0 0 0 0
83 75 0 0 0 0
84 75 0 0 0 0
85 75 0 0 0 0
86 75 0 0 0 0
87 75 0 0 0 0
89 75 0 0 0 0
96 75 0 0 0 0
97 75 0 0 0 0
98 75 0 0 0 0
99 75 0 0 0 0
104 75 0 0 0 0
105 75 0 0 0 0
106 75 0 0 0 0
108 75 0 0 0 0
109 75 0 0 0 0
110 75 0 0 0 0
111 75 0 0 0 0
112 75 0 0 0 0
113 75 0 0 0 0
114 75 0 0 0 0
116 75 0 0 0 0
118 75 0 0 0 0
122 75 0 0 0 0
124 75 0 0 75 75
fl=./elf/./dl-find_object.h
fn=_dl_find_object_from_map
95 14 0 0 0 0
96 14 0 0 0 0
97 7 0 0 0 0
103 35 0 0 0 0
104 185 64 4 0 0
105 128 64 21 0 0
107 21 0 0 0 0
112 7 0 0 0 0
fl=./elf/./dl-hwcaps.h
fn=_dl_important_hwcaps
43 7 0 0 0 0
45 5 0 0 0 0
46 1 0 0 0 0
77 5 0 0 0 0
78 3 0 0 0 0
79 3 0 0 0 0
fn=copy_hwcaps
43 2 0 0 0 0
45 4 0 0 0 0
77 2 0 0 0 0
78 2 0 0 0 0
79 6 0 0 0 0
fl=./elf/./dl-load.h
fn=_dl_map_object_from_fd
91 40 20 4 0 0
92 16 4 0 0 0
93 24 4 0 0 0
94 16 0 0 0 0
96 16 0 0 0 0
fl=./elf/./dl-main.h
fn=dl_main
109 5 0 0 0 0
fl=./elf/./dl-map-segments.h
fn=_dl_map_object_from_fd
28 15 5 0 0 0
29 45 0 0 0 0
81 5 0 0 0 0
101 5 0 0 0 0
102 15 5 0 0 0
105 15 0 0 0 0
106 10 0 0 0 0
108 10 5 2 0 0
125 5 0 0 0 0
135 120 20 5 0 0
137 60 15 0 0 0
139 165 15 2 0 0
149 80 20 11 0 0
155 10 0 0 0 0
156 5 0 0 0 0
157 15 0 0 0 0
158 10 0 0 0 0
160 15 0 0 0 0
165 10 5 0 0 0
168 15 5 0 0 0
176 55 0 0 0 0
182 10 5 2 0 0
186 18 0 0 0 0
189 6 2 2 0 0
194 20 0 0 0 0
fl=./elf/./dl-sym-post.h
fn=lookup_malloc_symbol
41 8 4 0 0 0
53 12 4 2 0 0
fl=./elf/./dl-tls_block_align.h
fn=_dl_allocate_tls_storage
23 1 0 0 0 0
41 2 0 0 0 0
47 5 0 0 0 0
48 1 0 0 0 0
52 305 296 10 0 0
fl=./elf/./elf/dl-audit.c
fn=_dl_audit_activity_map
29 8 0 0 0 0
30 1 0 0 0 0
31 3 1 1 0 0
37 8 0 0 0 0
fn=_dl_audit_activity_nsid
45 4 0 0 0 0
47 3 1 1 0 0
51 1 0 0 0 0
fn=_dl_audit_objopen
78 20 5 0 0 0
fn=_dl_audit_preinit
119 4 1 0 0 0
fl=./elf/./elf/dl-cache.c
fn=_dl_cache_libcmp
342 666 222 12 0 0
344 648 216 6 0 0
346 444 6 0 0 0
352 18 0 0 0 0
353 18 0 0 0 0
354 24 6 2 0 0
356 24 6 2 0 0
358 12 6 2 0 0
364 420 210 0 0 0
366 420 210 32 0 0
367 64 0 0 0 0
370 178 0 0 0 0
371 178 0 0 0 0
374 18 0 0 0 0
fn=_dl_load_cache_lookup
387 20 0 0 0 0
389 8 4 0 0 0
392 12 4 1 0 0
395 6 0 0 0 0
403 6 2 0 0 0
404 8 2 1 0 0
407 6 1 0 0 0
408 1 0 0 0 0
415 1 0 0 0 0
416 2 0 0 0 0
461 9 3 0 0 0
466 12 4 0 0 0
469 24 0 0 0 0
484 8 4 0 0 0
488 8 4 0 0 0
496 12 0 0 0 0
497 20 0 0 0 0
498 12 0 0 0 0
499 4 0 0 0 0
500 12 0 0 0 0
fn=_dl_unload_cache
509 1 0 0 0 0
510 4 1 1 0 0
512 2 0 0 0 0
513 1 0 0 0 0
517 1 0 0 0 0
519 2 0 0 0 0
fn=search_cache
187 64 0 0 0 0
199 40 0 0 0 0
200 12 0 0 0 0
207 76 32 2 0 0
209 160 0 0 0 0
210 68 0 0 0 0
214 64 32 0 0 0
215 40 0 0 0 0
218 96 0 0 0 0
219 64 32 2 0 0
227 28 10 4 0 0
229 12 0 0 0 0
232 12 6 0 0 0
234 36 0 0 0 0
236 18 0 0 0 0
246 8 4 2 0 0
256 12 4 0 0 0
257 16 4 0 0 0
264 8 4 0 0 0
273 44 4 0 0 0
282 8 4 0 0 0
287 8 4 0 0 0
314 12 0 0 0 0
330 28 28 18 0 0
331 15 0 0 0 0
333 13 0 0 0 0
337 36 0 0 0 0
fl=./elf/./elf/dl-call-libc-early-init.c
fn=_dl_call_libc_early_init
27 3 0 0 0 0
29 2 1 0 0 0
33 7 0 0 0 0
37 2 1 0 0 0
39 4 1 0 0 0
40 2 0 0 1 1
41 3 0 0 0 0
fl=./elf/./elf/dl-catch.c
fn=_dl_catch_error
258 9 0 0 0 0
260 2 0 0 0 0
261 2 0 0 0 0
262 2 0 0 0 0
263 2 0 0 0 0
265 5 0 0 0 0
fn=_dl_catch_exception
58 36 12 3 0 0
59 24 0 0 0 0
69 24 12 0 0 0
70 60 0 0 0 0
208 60 0 0 0 0
211 24 12 0 0 0
218 12 0 0 0 0
232 24 0 0 0 0
233 24 0 0 0 0
239 60 12 0 0 0
241 36 0 0 12 2
243 48 0 0 0 0
252 36 0 0 0 0
fn=_dl_receive_error
58 2 1 0 0 0
59 1 0 0 0 0
69 2 1 0 0 0
70 2 0 0 0 0
190 5 0 0 0 0
192 1 0 0 0 0
196 1 0 0 0 0
198 1 0 0 1 1
201 1 0 0 0 0
202 4 0 0 0 0
fl=./elf/./elf/dl-debug.c
fn=_dl_debug_initialize
56 1 0 0 0 0
57 1 0 0 0 0
59 2 1 0 0 0
61 2 0 0 0 0
63 3 1 0 0 0
64 1 0 0 0 0
85 3 1 1 0 0
90 3 0 0 0 0
91 2 0 0 0 0
92 1 0 0 0 0
95 3 1 1 0 0
96 6 0 0 0 0
99 2 1 1 0 0
107 2 0 0 0 0
fn=_dl_debug_state
117 2 0 0 0 0
fn=_dl_debug_update
40 12 6 6 0 0
41 6 0 0 0 0
44 12 6 0 0 0
48 6 0 0 0 0
fl=./elf/./elf/dl-deps.c
fn=_dl_map_object_deps
128 3 0 0 0 0
129 5 0 0 0 0
130 6 0 0 0 0
132 4 0 0 0 0
136 8 0 0 0 0
143 13 0 0 0 0
144 9 0 0 0 0
160 9 2 0 0 0
161 1 0 0 0 0
164 2 0 0 0 0
182 1 0 0 0 0
183 6 0 0 0 0
184 1 0 0 0 0
188 15 0 0 0 0
190 27 0 0 0 0
193 7 0 0 0 0
197 21 7 7 0 0
198 46 20 2 0 0
201 15 5 0 0 0
205 10 0 0 0 0
208 22 11 3 0 0
210 20 5 3 0 0
215 5 0 0 0 0
216 5 0 0 0 0
217 10 0 0 0 0
218 10 0 0 0 0
219 5 0 0 0 0
221 623 152 6 0 0
222 294 147 15 0 0
228 114 11 0 0 0
230 11 0 0 0 0
232 49 0 0 0 0
233 22 11 0 0 0
242 11 0 0 0 0
244 22 11 5 0 0
249 15 0 0 0 0
252 5 0 0 0 0
253 5 0 0 0 0
254 5 0 0 0 0
255 10 0 0 0 0
256 5 0 0 0 0
257 5 0 0 0 0
259 20 0 0 0 0
263 33 11 6 0 0
264 27 0 0 0 0
266 408 136 10 0 0
417 14 7 2 0 0
419 20 0 0 0 0
422 10 0 0 0 0
423 15 5 1 0 0
429 5 0 0 0 0
430 20 0 0 0 0
431 25 0 0 0 0
434 5 0 0 0 0
435 5 0 0 0 0
439 21 7 5 0 0
441 7 0 0 0 0
442 32 13 13 0 0
448 5 1 1 0 0
449 2 0 0 0 0
452 4 1 1 0 0
463 6 0 0 0 0
465 5 1 0 0 0
470 5 0 0 0 0
471 1 0 0 0 0
472 1 0 0 0 0
474 29 7 6 0 0
478 21 7 0 0 0
484 14 0 0 0 0
485 14 0 0 0 0
490 7 0 0 0 0
495 3 1 1 0 0
532 2 1 1 0 0
533 2 1 1 0 0
536 1 0 0 0 0
547 9 0 0 0 0
552 9 0 0 0 0
553 5 0 0 0 0
557 1 0 0 0 0
559 2 0 0 0 0
560 1 0 0 0 0
561 3 1 1 0 0
568 3 1 1 0 0
571 2 1 0 0 0
574 8 0 0 0 0
fn=openaux
61 22 0 0 0 0
64 121 0 0 0 0
65 11 0 0 0 0
68 11 0 0 0 0
69 22 0 0 0 0
fl=./elf/./elf/dl-environ.c
fn=_dl_next_ld_env_entry
29 3 0 0 0 0
32 187 62 2 0 0
34 122 61 24 0 0
35 30 15 8 0 0
37 2 0 0 0 0
40 4 0 0 0 0
42 2 0 0 0 0
45 59 0 0 0 0
fl=./elf/./elf/dl-find_object.c
fn=_dl_find_object_init
562 3 0 0 0 0
565 1 0 0 0 0
567 2 1 1 0 0
568 3 0 0 0 0
580 2 0 0 0 0
581 3 0 0 0 0
583 2 1 0 0 0
586 2 1 0 0 0
591 1 0 0 0 0
592 1 0 0 0 0
595 3 1 1 0 0
597 2 0 0 0 0
600 6 0 0 0 0
602 1 0 0 0 0
605 4 0 0 0 0
fn=_dlfo_process_initial
475 4 0 0 0 0
476 2 0 0 0 0
478 2 0 0 0 0
479 4 2 1 0 0
505 22 4 0 0 0
506 34 16 4 0 0
507 14 0 0 0 0
509 52 26 2 0 0
512 48 12 4 0 0
514 36 12 3 0 0
516 12 0 0 0 0
517 12 0 0 0 0
518 24 0 0 0 0
530 2 0 0 0 0
532 8 0 0 0 0
fn=_dlfo_sort_mappings
538 2 1 0 0 0
541 25 5 4 0 0
545 10 0 0 0 0
546 80 20 11 0 0
547 75 15 12 0 0
549 4 0 0 0 0
550 4 0 0 0 0
554 20 0 0 0 0
555 25 0 0 0 0
556 10 0 0 0 0
558 1 0 0 0 0
fl=./elf/./elf/dl-hwcaps.c
fn=_dl_important_hwcaps
52 16 4 2 0 0
54 2 0 0 0 0
55 4 0 0 0 0
57 4 0 0 0 0
100 5 0 0 0 0
102 3 1 0 0 0
105 1 0 0 0 0
108 2 0 0 0 0
112 4 1 0 0 0
125 12 3 2 0 0
127 10 0 0 0 0
128 4 0 0 0 0
129 4 0 0 0 0
130 2 0 0 0 0
133 3 1 0 0 0
142 13 2 0 0 0
143 13 1 0 0 0
145 8 0 0 0 0
151 5 0 0 0 0
155 4 0 0 0 0
156 2 1 0 0 0
157 3 1 0 0 0
161 1 0 0 0 0
162 2 0 0 0 0
163 2 0 0 0 0
172 13 0 0 0 0
174 2 0 0 0 0
175 3 0 0 0 0
185 1 0 0 0 0
186 3 0 0 0 0
189 3 0 0 0 0
193 2 0 0 0 0
194 2 1 0 0 0
202 4 0 0 0 0
203 7 0 0 0 0
204 6 0 0 0 0
208 2 0 0 0 0
209 1 0 0 0 0
213 2 0 0 0 0
216 9 0 0 0 0
fn=copy_hwcaps
74 12 0 0 0 0
77 16 4 2 0 0
79 2 0 0 0 0
80 16 0 0 0 0
84 2 0 0 0 0
85 2 0 0 0 0
86 6 0 0 0 0
87 4 0 0 0 0
88 4 0 0 0 0
90 12 0 0 0 0
fl=./elf/./elf/dl-hwcaps_split.c
fn=_dl_hwcaps_contains
67 12 6 4 0 0
68 6 0 0 0 0
77 6 0 0 0 0
fn=_dl_hwcaps_split
25 45 0 0 0 0
26 45 15 3 0 0
27 6 0 0 0 0
30 36 0 0 0 0
34 84 18 6 0 0
35 12 0 0 0 0
36 24 12 3 0 0
41 27 0 0 0 0
42 18 9 3 0 0
43 21 0 0 0 0
45 18 0 0 0 0
46 9 0 0 0 0
47 60 0 0 0 0
fn=_dl_hwcaps_split_masked
51 44 0 0 0 0
54 56 14 5 0 0
56 9 0 0 0 0
57 27 0 0 0 0
58 54 15 3 0 0
62 22 0 0 0 0
fl=./elf/./elf/dl-init.c
fn=_dl_init
81 11 0 0 0 0
82 1 0 0 0 0
83 1 0 0 0 0
86 3 1 1 0 0
88 1 0 0 0 0
89 2 0 0 0 0
94 2 1 1 0 0
119 1 0 0 0 0
120 27 8 6 0 0
121 42 0 0 0 0
127 8 0 0 0 0
fn=call_init
27 64 0 0 0 0
29 16 8 7 0 0
35 48 8 0 0 0
37 16 8 1 0 0
43 21 0 0 0 0
46 21 7 1 0 0
47 2 1 1 0 0
51 12 6 0 0 0
59 18 6 2 0 0
60 24 0 0 4 4
63 6 0 0 0 0
64 12 6 1 0 0
70 15 0 0 0 0
72 10 0 0 0 0
73 121 29 15 0 0
74 96 0 0 24 24
76 48 0 0 0 0
fl=./elf/./elf/dl-load.c
fn=_dl_dst_count
228 65 0 0 0 0
231 26 0 0 0 0
234 26 13 0 0 0
235 13 0 0 0 0
254 91 0 0 0 0
fn=_dl_init_paths
680 12 0 0 0 0
694 4 0 0 0 0
699 1 0 0 0 0
701 3 1 0 0 0
708 3 0 0 0 0
709 2 0 0 0 0
713 4 0 0 0 0
715 4 1 0 0 0
721 1 0 0 0 0
722 1 0 0 0 0
730 9 0 0 0 0
732 8 0 0 0 0
733 4 0 0 0 0
735 5 0 0 0 0
736 7 0 0 0 0
737 4 0 0 0 0
740 12 3 0 0 0
741 9 4 3 0 0
742 18 0 0 0 0
744 29 4 1 0 0
750 1 0 0 0 0
751 1 0 0 0 0
756 1 0 0 0 0
759 3 0 0 0 0
761 4 1 0 0 0
763 3 1 1 0 0
780 1 0 0 0 0
782 3 1 1 0 0
796 2 0 0 0 0
799 5 2 1 0 0
801 12 0 0 0 0
805 3 0 0 0 0
806 60 15 10 0 0
807 14 0 0 0 0
808 28 0 0 0 0
810 1 0 0 0 0
811 1 0 0 0 0
812 2 1 0 0 0
818 6 0 0 0 0
821 3 1 0 0 0
827 1 0 0 0 0
831 8 0 0 0 0
fn=_dl_map_object
1914 120 0 0 0 0
1916 5 0 0 0 0
1922 24 12 0 0 0
1923 48 12 0 0 0
1926 228 48 4 0 0
1931 301 43 0 0 0
1933 215 43 6 0 0
1937 72 36 0 0 0
1938 108 36 12 0 0
1941 85 17 6 0 0
1942 51 0 0 0 0
1943 85 17 6 0 0
1957 20 5 0 0 0
1958 15 0 0 0 0
1964 5 0 0 0 0
1969 15 5 0 0 0
1983 25 5 4 0 0
1987 16 0 0 0 0
1989 8 4 0 0 0
1996 16 8 2 0 0
2000 4 0 0 0 0
2001 4 0 0 0 0
2005 26 6 4 0 0
2006 48 6 5 0 0
2008 44 0 0 0 0
2015 24 0 0 0 0
2020 8 0 0 0 0
2021 28 8 0 0 0
2022 52 4 0 0 0
2031 8 4 0 0 0
2046 8 4 0 0 0
2047 68 4 2 0 0
2053 12 4 3 0 0
2054 32 4 0 0 0
2062 8 4 0 0 0
2064 12 4 0 0 0
2068 12 0 0 0 0
2070 8 4 0 0 0
2074 8 4 0 0 0
2082 8 4 0 0 0
2105 40 0 0 0 0
2109 8 4 0 0 0
2110 4 0 0 0 0
2127 8 4 3 0 0
2133 1 0 0 0 0
2134 4 0 0 0 0
2135 2 1 0 0 0
2136 2 1 0 0 0
2140 10 0 0 0 0
2143 2 1 0 0 0
2155 20 0 0 0 0
2200 10 0 0 0 0
2201 81 0 0 0 0
2203 113 0 0 0 0
fn=_dl_map_object_from_fd
949 70 0 0 0 0
964 20 5 4 0 0
994 110 25 10 0 0
995 40 20 0 0 0
1013 10 5 3 0 0
1043 20 5 0 0 0
1053 10 5 0 0 0
1060 40 0 0 0 0
1061 10 5 0 0 0
1072 10 0 0 0 0
1073 15 0 0 0 0
1074 10 0 0 0 0
1076 15 0 0 0 0
1077 20 5 1 0 0
1078 5 0 0 0 0
1081 5 0 0 0 0
1082 8 1 1 0 0
1093 5 0 0 0 0
1095 5 0 0 0 0
1097 60 0 0 0 0
1098 5 0 0 0 0
1099 5 0 0 0 0
1100 5 0 0 0 0
1101 5 0 0 0 0
1107 193 61 0 0 0
1108 473 235 46 0 0
1114 10 5 0 0 0
1121 13 0 0 0 0
1122 15 0 0 0 0
1123 50 0 0 0 0
1128 2 0 0 0 0
1129 1 0 0 0 0
1134 155 20 0 0 0
1142 80 0 0 0 0
1143 130 0 0 0 0
1144 100 0 0 0 0
1145 20 0 0 0 0
1146 40 0 0 0 0
1148 140 0 0 0 0
1150 40 0 0 0 0
1163 85 20 5 0 0
1169 20 0 0 0 0
1170 210 0 0 0 0
1183 9 3 0 0 0
1187 12 0 0 0 0
1188 3 0 0 0 0
1192 15 0 0 0 0
1193 6 0 0 0 0
1196 3 0 0 0 0
1201 12 3 2 0 0
1216 10 0 0 0 0
1217 5 0 0 0 0
1220 15 0 0 0 0
1225 40 5 0 0 0
1235 95 20 6 0 0
1236 40 0 0 0 0
1242 10 5 0 0 0
1252 20 10 0 0 0
1259 35 0 0 0 0
1275 20 5 1 0 0
1276 15 0 0 0 0
1282 14 0 0 0 0
1283 10 5 5 0 0
1285 25 5 0 0 0
1295 15 5 0 0 0
1314 10 0 0 0 0
1316 30 5 0 0 0
1336 15 5 2 0 0
1337 6 0 0 0 0
1343 152 61 10 0 0
1344 262 103 42 0 0
1350 64 0 0 0 0
1355 20 5 0 0 0
1368 10 5 0 0 0
1370 20 0 0 0 0
1372 10 5 0 0 0
1388 10 0 0 0 0
1392 10 5 0 0 0
1393 10 5 0 0 0
1410 10 5 2 0 0
1411 1 0 0 0 0
1414 10 0 0 0 0
1419 10 5 0 0 0
1424 10 5 0 0 0
1436 40 5 4 0 0
1437 9 3 1 0 0
1438 18 4 2 0 0
1439 6 0 0 0 0
1440 5 0 0 0 0
1446 10 5 2 0 0
1447 12 3 0 0 0
1452 6 0 0 0 0
1459 15 0 0 0 0
1462 10 5 0 0 0
1465 20 0 0 0 0
1467 5 0 0 0 0
1468 45 0 0 0 0
fn=_dl_notify_new_object
908 40 0 0 0 0
910 15 0 0 0 0
911 15 5 4 0 0
929 10 5 3 0 0
933 35 5 2 0 0
934 15 0 0 0 0
936 25 0 0 0 0
fn=_dl_process_pt_gnu_property
842 3 0 0 0 0
843 6 0 0 0 0
844 3 0 0 0 0
850 6 3 0 0 0
856 15 3 0 0 0
859 9 3 0 0 0
860 6 3 0 0 0
861 6 3 2 0 0
864 9 3 0 0 0
865 9 3 0 0 0
869 3 0 0 0 0
870 6 0 0 0 0
874 6 0 0 0 0
875 3 0 0 0 0
878 6 3 0 0 0
881 3 0 0 0 0
882 12 3 0 0 0
fn=cache_rpath
655 28 0 0 0 0
656 42 14 13 0 0
657 14 0 0 0 0
659 4 2 2 0 0
660 2 0 0 0 0
662 8 2 2 0 0
665 2 0 0 0 0
673 28 0 0 0 0
fn=expand_dynamic_string_token
375 14 0 0 0 0
385 4 0 0 0 0
388 4 2 0 0 0
389 4 0 0 0 0
400 10 0 0 0 0
fn=fillin_rpath.isra.0
442 16 0 0 0 0
446 1 0 0 0 0
448 12 2 1 0 0
455 2 1 0 0 0
457 5 0 0 0 0
461 2 1 0 0 0
466 3 0 0 0 0
467 2 1 1 0 0
474 5 2 2 0 0
479 3 0 0 0 0
483 15 5 2 0 0
484 8 4 4 0 0
502 4 1 1 0 0
506 3 0 0 0 0
508 2 1 0 0 0
512 2 0 0 0 0
513 2 0 0 0 0
514 4 0 0 0 0
515 2 0 0 0 0
517 2 1 1 0 0
523 4 0 0 0 0
524 15 4 0 0 0
525 3 0 0 0 0
527 2 0 0 0 0
528 3 1 1 0 0
529 1 0 0 0 0
535 2 0 0 0 0
536 1 0 0 0 0
539 3 0 0 0 0
545 1 0 0 0 0
548 8 0 0 0 0
fn=open_path
1759 48 0 0 0 0
1760 8 0 0 0 0
1763 4 0 0 0 0
1764 4 0 0 0 0
1766 12 4 0 0 0
1769 8 0 0 0 0
1771 36 0 0 0 0
1774 8 0 0 0 0
1778 4 0 0 0 0
1782 12 4 0 0 0
1789 20 0 0 0 0
1790 51 16 5 0 0
1793 24 12 4 0 0
1798 66 0 0 0 0
1801 18 0 0 0 0
1807 12 6 0 0 0
1808 8 0 0 0 0
1810 48 0 0 0 0
1812 18 6 2 0 0
1814 6 3 2 0 0
1819 6 3 0 0 0
1820 24 3 2 0 0
1826 12 0 0 0 0
1828 17 3 1 0 0
1829 5 1 0 0 0
1831 3 0 0 0 0
1833 2 0 0 0 0
1838 12 0 0 0 0
1840 14 3 2 0 0
1884 36 12 0 0 0
1888 8 0 0 0 0
1890 16 4 0 0 0
1893 12 4 3 0 0
1907 36 0 0 0 0
fn=open_verify.constprop.0
1521 132 0 0 0 0
1553 33 11 0 0 0
1558 12 0 0 0 0
1572 55 0 0 0 0
1574 22 11 2 0 0
1582 5 0 0 0 0
1583 15 0 0 0 0
1588 35 0 0 0 0
1590 10 5 0 0 0
1592 15 0 0 0 0
1594 10 5 0 0 0
1600 10 5 0 0 0
1615 74 23 8 0 0
1696 10 5 0 0 0
1701 10 5 0 0 0
1707 20 5 0 0 0
1713 10 5 2 0 0
1719 20 0 0 0 0
1720 20 5 1 0 0
1724 5 0 0 0 0
1725 5 1 1 0 0
1746 99 0 0 0 0
fl=./elf/./elf/dl-lookup-direct.c
fn=_dl_lookup_direct
74 33 0 0 0 0
75 3 0 0 0 0
76 6 3 0 0 0
78 18 0 0 0 0
79 6 3 0 0 0
81 9 0 0 0 0
84 25 5 3 0 0
86 9 0 0 0 0
87 18 0 0 0 0
90 6 3 3 0 0
93 6 2 2 0 0
115 3 0 0 0 0
116 27 0 0 0 0
fn=check_match
31 27 0 0 0 0
32 12 3 3 0 0
33 9 0 0 0 0
35 6 0 0 0 0
36 6 3 0 0 0
40 9 0 0 0 0
48 9 3 1 0 0
51 6 0 0 0 0
53 15 3 2 0 0
57 6 0 0 0 0
58 18 3 0 0 0
59 9 0 0 0 0
64 21 0 0 0 0
fl=./elf/./elf/dl-lookup.c
fn=_dl_lookup_symbol_x
759 20603 0 0 0 0
761 7492 0 0 0 0
763 14984 0 0 0 0
765 1873 0 0 0 0
769 7454 3727 23 0 0
771 1892 0 0 0 0
772 3746 1873 0 0 0
778 15064 1889 4 0 0
779 43063 1873 4 0 0
784 3746 1873 5 0 0
786 96 32 2 0 0
803 3746 0 0 0 0
804 48 0 0 0 0
807 3746 0 0 0 0
808 12987 3710 6 0 0
843 18570 1857 0 0 0
857 5571 1857 1 0 0
858 2 0 0 0 0
860 3714 1857 0 0 0
867 64 0 0 0 0
879 16857 0 0 0 0
fn=check_match
70 24219 0 0 0 0
73 13041 1868 5 0 0
78 14 0 0 0 0
86 9290 1858 2 0 0
89 4178 1935 55 0 0
93 1858 0 0 0 0
94 3716 1858 5 0 0
98 3710 1855 2 0 0
102 3710 0 0 0 0
103 14840 1855 15 0 0
104 9270 1854 12 0 0
105 2 0 0 0 0
106 2 1 1 0 0
131 6 3 1 0 0
133 18 3 2 0 0
134 12 0 0 0 0
137 2 1 0 0 0
138 7 1 0 0 0
140 3 0 0 0 0
149 13041 0 0 0 0
fn=do_lookup_x
157 300 0 0 0 0
158 309 0 0 0 0
159 940 250 65 0 0
161 98 0 0 0 0
162 294 98 45 0 0
163 86 0 0 0 0
166 152 0 0 0 0
167 152 0 0 0 0
168 82 0 0 0 0
169 152 0 0 0 0
209 492 0 0 0 0
211 738 0 0 82 1
213 164 0 0 0 0
214 81 0 0 0 0
215 410 82 1 0 0
217 2313 0 0 0 0
218 486 0 0 0 0
221 352 176 22 0 0
222 176 0 0 0 0
241 352 176 84 0 0
244 95 0 0 0 0
245 285 95 44 0 0
246 230 0 0 0 0
249 1458 81 15 0 0
256 12 0 0 0 0
259 4 2 0 0 0
266 298 94 34 0 0
267 276 92 23 0 0
268 350 0 0 0 0
272 20 0 0 2 1
273 2 0 0 0 0
274 4 0 0 0 0
275 6 0 0 0 0
276 6 0 0 0 0
287 4 0 0 0 0
289 2 1 0 0 0
292 1 0 0 0 0
293 1 0 0 0 0
294 2 0 0 0 0
297 808 82 0 0 0
298 328 0 0 0 0
305 328 82 2 0 0
316 574 0 0 0 0
318 164 0 0 82 1
320 246 0 0 0 0
321 164 0 0 0 0
334 26222 0 0 0 0
335 1873 0 0 0 0
341 1873 0 0 0 0
345 17595 0 0 0 0
348 11730 5865 0 0 0
352 19234 5871 20 0 0
373 11726 5863 64 0 0
377 11726 5863 16 0 0
383 17589 5863 1 0 0
387 5863 0 0 0 0
388 5863 0 0 0 0
391 29315 5863 5 0 0
392 17589 0 0 0 0
395 5863 0 0 0 0
396 11726 5863 0 0 0
398 5863 0 0 0 0
399 11726 0 0 0 0
400 5863 0 0 0 0
403 23452 0 0 0 0
406 41041 5863 1956 0 0
409 3804 0 0 0 0
410 5706 0 0 0 0
411 3804 1902 2 0 0
413 3800 0 0 0 0
416 23655 4731 2093 0 0
418 5589 0 0 0 0
419 46945 0 0 0 0
420 3726 0 0 0 0
423 18581 1863 5 0 0
426 8625 2875 41 0 0
435 264 0 0 0 0
457 89 44 2 0 0
459 2 1 1 0 0
463 3714 1857 0 0 0
470 9772 3029 374 0 0
474 3690 1230 6 0 0
486 3550 0 0 0 0
487 1775 0 0 0 0
488 1857 0 0 0 0
505 12024 4008 16 0 0
508 33 0 0 0 0
509 14984 0 0 0 0
fl=./elf/./elf/dl-minimal-malloc.c
fn=__minimal_calloc
80 68 0 0 0 0
84 17 0 0 0 0
87 17 0 0 0 0
88 51 17 11 0 0
fn=__minimal_free
99 12 3 0 0 0
fn=__minimal_malloc
36 168 0 0 0 0
37 126 42 2 0 0
42 3 0 0 0 0
43 2 0 0 0 0
44 2 0 0 0 0
48 167 0 0 0 0
51 282 81 3 0 0
56 12 0 0 0 0
57 12 3 0 0 0
59 3 0 0 0 0
60 24 0 0 0 0
62 6 3 0 0 0
64 12 0 0 0 0
65 9 3 1 0 0
67 8 0 0 0 0
70 43 0 0 0 0
71 46 0 0 0 0
73 168 0 0 0 0
fl=./elf/./elf/dl-minimal.c
fn=__rtld_malloc_init_real
76 7 0 0 0 0
86 2 0 0 0 0
87 1 0 0 0 0
89 1 0 0 0 0
91 5 0 0 0 0
92 5 0 0 0 0
93 5 0 0 0 0
94 4 0 0 0 0
99 1 0 0 0 0
100 1 0 0 0 0
101 1 0 0 0 0
102 1 0 0 0 0
103 7 0 0 0 0
fn=__rtld_malloc_init_stubs
43 2 0 0 0 0
44 2 0 0 0 0
45 2 0 0 0 0
46 2 0 0 0 0
47 1 0 0 0 0
fn=lookup_malloc_symbol
61 28 0 0 0 0
63 4 0 0 0 0
64 28 0 0 0 0
68 28 4 0 0 0
69 28 4 0 0 0
71 4 0 0 0 0
72 24 0 0 0 0
fn=strsep
242 4 2 0 0 0
244 2 0 0 0 0
245 4 2 1 0 0
247 2 0 0 0 0
249 47 15 4 0 0
251 28 0 0 0 0
254 56 28 7 0 0
256 84 28 2 0 0
264 14 0 0 0 0
267 1 0 0 0 0
271 4 0 0 0 0
fl=./elf/./elf/dl-misc.c
fn=_dl_higher_prime_number
122 2 0 0 0 0
123 2 0 0 0 0
125 26 12 11 0 0
127 80 0 0 0 0
128 30 10 3 0 0
129 6 0 0 0 0
131 7 0 0 0 0
143 2 0 0 0 0
144 2 0 0 0 0
fn=_dl_name_match_p
68 490 0 0 0 0
69 490 98 0 0 0
70 116 0 0 0 0
72 98 0 0 0 0
74 390 195 37 0 0
75 575 115 15 0 0
78 97 0 0 0 0
80 80 0 0 0 0
81 392 0 0 0 0
fn=_dl_sysdep_read_whole_file
36 8 0 0 0 0
39 3 0 0 0 0
40 2 1 1 0 0
42 6 1 0 0 0
44 2 0 0 0 0
47 2 1 1 0 0
49 8 0 0 0 0
60 3 0 0 0 0
63 7 0 0 0 0
fl=./elf/./elf/dl-object.c
fn=_dl_add_to_namespace_list
31 30 0 0 0 0
33 18 0 0 6 1
35 53 6 1 0 0
38 80 20 16 0 0
40 5 0 0 0 0
42 5 0 0 0 0
45 2 0 0 0 0
46 18 0 0 0 0
47 12 0 0 0 0
48 12 0 0 0 0
50 12 0 0 6 1
51 18 0 0 0 0
fn=_dl_new_object
59 78 0 0 0 0
62 12 6 1 0 0
64 2 1 1 0 0
66 3 1 0 0 0
67 2 1 0 0 0
71 6 0 0 0 0
77 2 0 0 0 0
80 5 0 0 0 0
83 31 0 0 0 0
87 10 0 0 0 0
92 5 0 0 0 0
95 12 6 0 0 0
98 6 0 0 0 0
99 6 0 0 0 0
100 12 0 0 0 0
103 12 0 0 0 0
104 42 0 0 0 0
106 6 0 0 0 0
119 22 11 6 0 0
123 5 0 0 0 0
125 1 0 0 0 0
127 42 0 0 0 0
130 12 6 4 0 0
131 12 0 0 0 0
132 6 0 0 0 0
136 6 0 0 0 0
139 84 22 13 0 0
141 16 0 0 0 0
149 12 0 0 0 0
150 6 0 0 0 0
153 1 0 0 0 0
155 36 6 1 0 0
157 20 0 0 0 0
160 14 6 0 0 0
164 28 7 2 0 0
168 35 10 8 0 0
176 1 0 0 0 0
179 12 0 0 0 0
189 18 6 1 0 0
191 25 0 0 0 0
195 15 5 0 0 0
199 10 0 0 0 0
200 10 5 0 0 0
208 5 0 0 0 0
212 5 0 0 0 0
245 20 0 0 0 0
250 168 0 0 0 0
251 168 84 33 0 0
255 10 0 0 0 0
256 5 0 0 0 0
259 5 0 0 0 0
263 54 0 0 0 0
fl=./elf/./elf/dl-reloc.c
fn=_dl_protect_relro
352 14 0 0 0 0
353 21 7 0 0 0
356 42 0 0 0 0
359 14 0 0 0 0
363 14 7 1 0 0
364 42 7 4 0 0
370 14 0 0 0 0
fn=_dl_relocate_object
343 12 0 0 0 0
344 18 8 5 0 0
346 6 0 0 0 0
347 12 0 0 0 0
348 6 0 0 0 0
fn=_dl_relocate_object_no_relro
170 14016 3504 44 0 0
171 6830 3415 0 0 0
174 22958 5209 811 0 0
175 21065 8101 5 0 0
177 1621 0 0 0 0
178 4863 0 0 0 0
182 3588 1794 4 0 0
183 1794 0 0 0 0
184 1794 0 0 0 0
186 14358 1794 9 0 0
187 3589 0 0 0 0
188 8940 3576 19 0 0
189 1788 0 0 0 0
190 12626 0 0 0 0
193 1794 0 0 0 0
194 12558 0 0 0 0
196 1621 0 0 0 0
207 77 0 0 0 0
217 14 0 0 0 0
218 21 0 0 0 0
220 14 0 0 0 0
223 14 7 0 0 0
225 7 0 0 0 0
226 21 7 5 0 0
246 35 7 0 0 0
247 14 7 5 0 0
248 4 0 0 0 0
250 14 7 0 0 0
257 21 7 0 0 0
296 10795 3002 443 0 0
298 35 14 0 0 0
321 7 0 0 0 0
324 14 7 0 0 0
338 56 0 0 0 0
fl=./elf/./elf/dl-runtime.c
fn=_dl_fixup
46 600 0 0 0 0
48 375 75 41 0 0
49 225 0 0 0 0
54 75 0 0 0 0
55 300 0 0 0 0
56 525 0 0 0 0
58 150 0 0 0 0
63 150 75 8 0 0
67 150 75 2 0 0
69 75 0 0 0 0
71 225 75 1 0 0
75 225 0 0 0 0
76 300 0 0 0 0
77 225 75 20 0 0
84 75 0 0 0 0
85 225 75 8 0 0
95 825 0 0 0 0
99 375 75 0 0 0
109 750 150 0 0 0
124 300 75 2 0 0
125 4 0 0 0 0
133 225 75 4 0 0
159 225 75 5 0 0
162 150 0 0 0 0
163 525 0 0 0 0
fl=./elf/./elf/dl-setup_hash.c
fn=_dl_setup_hash
25 7 0 0 0 0
28 21 7 0 0 0
31 21 7 0 0 0
32 14 0 0 0 0
33 7 0 0 0 0
34 7 0 0 0 0
36 21 7 0 0 0
37 7 0 0 0 0
38 21 0 0 0 0
40 7 0 0 0 0
41 14 0 0 0 0
43 7 0 0 0 0
45 28 0 0 0 0
50 7 0 0 0 0
fl=./elf/./elf/dl-sort-maps.c
fn=_dl_sort_maps
140 29 7 3 0 0
181 1 0 0 0 0
182 2 0 0 0 0
183 26 8 6 0 0
184 14 0 0 0 0
211 8 0 0 0 0
216 2 0 0 0 0
218 1 0 0 0 0
219 6 0 0 0 0
221 19 6 0 0 0
223 7 0 0 0 0
226 21 7 6 0 0
244 4 1 1 0 0
263 5 0 0 0 0
276 4 2 1 0 0
283 1 0 0 0 0
298 12 0 0 0 0
306 3 1 1 0 0
310 8 0 0 0 0
fn=_dl_sort_maps_init
289 1 0 0 0 0
290 4 0 0 0 0
291 1 0 0 0 0
292 3 0 0 0 0
293 2 0 0 0 0
fn=dfs_traversal.part.0
135 56 0 0 0 0
140 28 14 2 0 0
143 7 0 0 0 0
145 21 7 2 0 0
147 76 19 8 0 0
156 14 7 0 0 0
171 21 0 0 0 0
172 7 0 0 0 0
173 52 0 0 0 0
fl=./elf/./elf/dl-tunables.c
fn=__GI___tunable_set_val
163 36 0 0 0 0
165 6 0 0 0 0
fn=__GI___tunables_init
43 310 124 1 0 0
46 61 0 0 0 0
49 6263 1772 74 0 0
53 122 61 0 0 0
57 244 0 0 0 0
245 2 0 0 0 0
294 9 0 0 0 0
300 3 1 0 0 0
304 33 27 10 0 0
306 1 0 0 0 0
317 1708 549 76 0 0
319 3843 0 0 0 0
320 549 0 0 0 0
322 1647 549 19 0 0
340 5 1 0 0 0
343 27 9 1 0 0
346 27 9 4 0 0
355 8 0 0 0 0
fn=__tunable_get_val
441 442 73 17 0 0
450 53 0 0 0 0
451 17 0 0 0 0
460 22 0 0 0 0
467 222 37 33 0 0
469 37 0 0 0 0
fn=do_tunable_update_val
70 12 0 0 0 0
73 30 12 0 0 0
83 6 0 0 0 0
94 24 6 0 0 0
95 30 6 0 0 0
98 12 6 4 0 0
101 30 0 0 0 0
105 12 6 4 0 0
112 12 6 4 0 0
113 12 6 2 0 0
116 6 0 0 0 0
117 6 0 0 0 0
118 6 0 0 0 0
119 12 0 0 0 0
fl=./elf/./elf/dl-tunables.h
fn=__GI___tunables_init
160 857 31 8 0 0
161 2625 702 47 0 0
fn=do_tunable_update_val
142 12 0 0 0 0
fl=./elf/./elf/dl-version.c
fn=_dl_check_all_versions
392 5 0 0 0 0
394 2 0 0 0 0
396 26 8 6 0 0
397 7 0 0 0 0
398 42 7 0 0 0
401 7 0 0 0 0
fn=_dl_check_map_versions
36 165 55 7 0 0
37 44 0 0 0 0
38 275 55 5 0 0
56 168 42 17 0 0
64 126 42 3 0 0
70 126 42 0 0 0
86 42 0 0 0 0
87 84 42 0 0 0
89 42 0 0 0 0
94 1734 720 8 0 0
108 1440 720 45 0 0
110 42 0 0 0 0
113 294 42 0 0 0
120 2034 678 0 0 0
124 678 0 0 0 0
155 56 0 0 0 0
156 7 0 0 0 0
164 12 0 0 0 0
170 21 7 0 0 0
172 28 7 1 0 0
174 7 0 0 0 0
175 7 0 0 0 0
177 14 7 2 0 0
180 15 0 0 0 0
184 35 5 0 0 0
198 6 0 0 0 0
200 33 0 0 0 0
208 33 11 0 0 0
213 33 0 0 0 0
215 31 0 0 0 0
217 126 0 0 0 0
218 277 42 14 0 0
221 84 0 0 0 0
224 168 42 10 0 0
225 5 1 0 0 0
228 24 0 0 0 0
231 168 0 0 0 0
234 126 42 15 0 0
239 31 0 0 0 0
243 33 11 5 0 0
248 6 0 0 0 0
257 30 7 2 0 0
260 10 0 0 0 0
263 563 0 0 0 0
266 431 137 27 0 0
270 132 0 0 0 0
274 18 6 1 0 0
279 6 0 0 0 0
280 24 0 0 0 0
281 18 6 0 0 0
291 6 0 0 0 0
294 32 6 1 0 0
296 12 6 1 0 0
299 20 0 0 0 0
301 6 0 0 0 0
303 33 0 0 0 0
306 126 0 0 0 0
308 168 42 0 0 0
310 210 0 0 0 0
311 84 0 0 0 0
312 126 0 0 0 0
313 126 0 0 0 0
316 126 42 21 0 0
321 31 0 0 0 0
324 33 11 3 0 0
329 6 0 0 0 0
334 12 6 1 0 0
337 10 0 0 0 0
341 132 0 0 0 0
343 274 137 2 0 0
347 132 0 0 0 0
348 660 0 0 0 0
349 396 0 0 0 0
350 132 0 0 0 0
353 411 137 16 0 0
357 132 0 0 0 0
365 10 5 1 0 0
366 10 5 0 0 0
367 10 5 3 0 0
368 4 2 1 0 0
370 4 1 1 0 0
372 124 31 1 0 0
373 60 30 3 0 0
375 2 0 0 0 0
376 7 1 1 0 0
387 63 0 0 0 0
fl=./elf/./elf/do-rel.h
fn=_dl_relocate_object_no_relro
48 14 0 0 0 0
49 56 0 0 0 0
51 7 0 0 0 0
53 126 0 0 0 0
72 9 0 0 0 0
73 11 0 0 0 0
80 42 14 10 0 0
83 3369 1116 3 0 0
85 4452 1113 7 0 0
96 6 0 0 0 0
97 6 3 2 0 0
105 33 0 0 0 0
114 3090 1031 16 0 0
115 2040 0 0 0 0
117 33 11 3 0 0
120 36 9 1 0 0
122 14019 3507 22 0 0
124 17490 0 0 0 0
125 13992 0 0 0 0
126 10494 0 0 0 0
127 13992 0 0 0 0
129 10494 3498 8 0 0
132 288 0 0 0 0
133 72 0 0 0 0
134 72 0 0 0 0
138 3426 0 0 0 0
141 10301 3426 8 0 0
142 78 26 2 0 0
155 36 6 3 0 0
156 297 91 31 0 0
157 264 88 7 0 0
160 216 0 0 0 0
162 288 0 0 0 0
163 72 0 0 0 0
164 144 0 0 0 0
171 35 8 6 0 0
173 42 0 0 0 0
174 12 0 0 0 0
176 18 6 0 0 0
184 6 0 0 0 0
187 18 6 0 0 0
202 5 1 1 0 0
fn=_dl_start
48 2 0 0 0 0
49 8 0 0 0 0
51 1 0 0 0 0
53 16 0 0 0 0
56 4 2 2 0 0
61 10 3 1 0 0
63 3 0 0 0 0
64 2 0 0 0 0
65 1 0 0 0 0
fl=./elf/./elf/get-dynamic-info.h
fn=_dl_map_object_from_fd
39 10 5 0 0 0
43 5 0 0 0 0
45 567 143 11 0 0
49 276 138 38 0 0
51 74 37 4 0 0
52 37 0 0 0 0
53 6 0 0 0 0
54 129 31 5 0 0
55 109 0 0 0 0
56 25 5 0 0 0
59 20 5 2 0 0
62 20 5 0 0 0
64 20 0 0 0 0
68 138 0 0 0 0
72 20 10 0 0 0
84 17 5 2 0 0
85 20 5 0 0 0
86 20 5 0 0 0
87 20 5 0 0 0
88 17 5 2 0 0
89 19 5 1 0 0
90 19 5 1 0 0
91 20 5 2 0 0
103 40 10 0 0 0
110 15 5 1 0 0
115 8 4 0 0 0
122 8 4 0 0 0
123 15 5 0 0 0
129 15 5 4 0 0
130 6 2 0 0 0
147 15 5 2 0 0
152 4 0 0 0 0
154 4 2 1 0 0
156 4 2 2 0 0
158 4 2 0 0 0
159 2 0 0 0 0
162 15 5 2 0 0
164 9 0 0 0 0
165 6 3 3 0 0
174 6 0 0 0 0
175 9 3 3 0 0
180 6 3 1 0 0
181 4 0 0 0 0
184 10 5 5 0 0
fl=./elf/./elf/libc-dl-profstub.c
fn=_dl_mcount_wrapper_check
40 128 0 0 0 0
41 384 128 2 0 0
43 128 0 0 0 0
fl=./elf/./elf/libc_early_init.c
fn=__libc_early_init
34 5 0 0 0 0
36 1 0 0 0 0
39 2 0 0 0 0
42 2 0 0 0 0
47 2 0 0 0 0
50 4 1 0 0 0
52 2 0 0 0 0
fl=./elf/./elf/rtld.c
fn=_dl_start
85 8 0 0 0 0
457 1 0 0 0 0
461 2 0 0 0 0
478 2 0 0 0 0
479 2 0 0 0 0
480 2 0 0 0 0
490 1 0 0 0 0
496 4 0 0 0 0
498 2 1 0 0 0
519 15 0 0 0 0
545 1 0 0 0 0
548 2 0 0 0 0
549 4 0 0 0 0
565 222 52 24 0 0
567 1 0 0 0 0
585 9 0 0 0 0
fn=dl_main
85 21 0 0 0 0
92 16 0 0 0 0
93 2 0 0 0 0
101 9 0 0 0 0
197 2 0 0 0 0
199 1 0 0 0 0
224 2 0 0 0 0
225 4 1 1 0 0
226 5 2 1 0 0
296 3 0 0 0 0
302 1 0 0 0 0
303 1 0 0 0 0
820 1 0 0 0 0
822 1 0 0 0 0
831 1 0 0 0 0
833 1 0 0 0 0
838 1 0 0 0 0
1098 1 0 0 0 0
1099 1 0 0 0 0
1101 1 0 0 0 0
1105 2 0 0 0 0
1107 1 0 0 0 0
1108 1 0 0 0 0
1123 1 0 0 0 0
1126 46 14 4 0 0
1127 118 29 10 9 5
1131 3 0 0 0 0
1136 3 0 0 0 0
1137 9 0 0 0 0
1146 3 0 0 0 0
1147 2 0 0 0 0
1149 1 0 0 0 0
1151 1 0 0 0 0
1159 8 0 0 0 0
1160 16 0 0 0 0
1161 8 4 3 0 0
1162 1 0 0 0 0
1164 12 0 0 0 0
1165 14 7 3 0 0
1169 8 0 0 0 0
1170 8 4 0 0 0
1171 4 0 0 0 0
1175 16 0 0 0 0
1203 2 0 0 0 0
1207 3 0 0 0 0
1213 26 13 1 0 0
1214 61 24 13 0 0
1220 17 0 0 0 0
1226 3 1 1 0 0
1229 2 1 1 0 0
1231 2 1 0 0 0
1306 12 0 0 0 0
1311 1 0 0 0 0
1312 1 0 0 0 0
1318 1 0 0 0 0
1328 3 0 0 0 0
1329 4 1 1 0 0
1596 10 0 0 0 0
1598 2 1 0 0 0
1599 1 0 0 0 0
1600 2 0 0 0 0
1601 3 0 0 0 0
1605 3 0 0 0 0
1606 2 1 0 0 0
1629 2 1 0 0 0
1635 3 1 0 0 0
1636 6 1 0 0 0
1637 3 0 0 0 0
1638 3 0 0 0 0
1641 1 0 0 0 0
1643 1 0 0 0 0
1644 1 0 0 0 0
1646 2 1 0 0 0
1647 2 0 0 0 0
1651 2 1 0 0 0
1653 2 1 0 0 0
1661 3 1 1 0 0
1668 2 0 0 0 0
1671 2 1 0 0 0
1696 4 0 0 0 0
1698 1 0 0 0 0
1703 2 1 1 0 0
1706 4 0 0 0 0
1707 4 0 0 0 0
1708 2 0 0 0 0
1709 1 0 0 0 0
1710 1 0 0 0 0
1711 1 0 0 0 0
1722 2 1 0 0 0
1723 2 1 0 0 0
1725 2 0 0 0 0
1727 1 0 0 0 0
1728 3 0 0 0 0
1733 5 1 1 0 0
1734 5 1 1 0 0
1736 3 0 0 0 0
1742 2 1 1 0 0
1751 2 1 0 0 0
1755 1 0 0 0 0
1756 2 1 0 0 0
1780 2 0 0 0 0
1786 1 0 0 0 0
1787 1 0 0 0 0
1792 3 0 0 0 0
1797 3 1 0 0 0
1799 1 0 0 0 0
1801 2 1 1 0 0
1805 5 0 0 0 0
1810 2 1 0 0 0
1826 6 1 0 0 0
1902 4 1 1 0 0
1906 9 0 0 0 0
1907 1 0 0 0 0
1910 3 0 0 0 0
1911 1 0 0 0 0
1912 2 1 0 0 0
1913 2 1 0 0 0
1918 3 1 1 0 0
1928 8 0 0 0 0
1934 34 8 6 0 0
1935 14 0 0 0 0
1938 3 0 0 0 0
1939 2 1 0 0 0
1940 1 0 0 0 0
1942 22 5 0 0 0
1943 15 5 4 0 0
1950 4 0 0 0 0
1951 3 1 1 0 0
1953 2 0 0 0 0
1955 3 1 0 0 0
1957 3 0 0 0 0
1958 1 0 0 0 0
1959 2 1 1 0 0
1971 4 1 0 0 0
1972 2 0 0 0 0
1973 3 1 1 0 0
1975 2 1 0 0 0
1976 2 0 0 0 0
1983 1 0 0 0 0
1984 4 0 0 0 0
1985 5 0 0 0 0
1995 2 0 0 0 0
1996 2 1 1 0 0
1997 4 0 0 0 0
1999 2 1 0 0 0
2004 3 1 0 0 0
2203 2 0 0 0 0
2207 2 0 0 0 0
2213 2 0 0 0 0
2216 2 1 0 0 0
2228 3 0 0 0 0
2231 1 0 0 0 0
2236 2 1 0 0 0
2240 7 0 0 0 0
2241 1 0 0 0 0
2250 24 8 3 0 0
2252 14 0 0 0 0
2257 14 0 0 0 0
2259 16 8 2 0 0
2261 1 0 0 0 0
2262 1 0 0 0 0
2265 7 0 0 0 0
2267 56 0 0 0 0
2271 20 10 5 0 0
2272 9 0 0 0 0
2279 1 0 0 0 0
2285 2 1 0 0 0
2289 4 2 0 0 0
2291 1 0 0 0 0
2298 3 0 0 0 0
2301 2 1 0 0 0
2305 3 1 0 0 0
2308 1 0 0 0 0
2313 2 1 0 0 0
2317 5 0 0 0 0
2320 1 0 0 0 0
2321 2 0 0 0 0
2325 2 0 0 0 0
2330 3 0 0 0 0
2337 1 0 0 0 0
2341 2 0 0 0 0
2342 1 0 0 0 0
2343 1 0 0 0 0
2347 3 0 0 0 0
2351 1 0 0 0 0
2356 8 0 0 0 0
2488 1 0 0 0 0
2559 1 0 0 0 0
2561 2 0 0 0 0
2563 15 3 1 0 0
2565 2 0 0 0 0
2567 107 40 8 0 0
2568 19 0 0 0 0
2576 15 2 0 2 2
2601 2 1 0 0 0
2611 4 2 1 0 0
2613 2 0 0 0 0
2614 1 0 0 0 0
2648 5 2 1 0 0
2650 2 0 0 0 0
2651 2 0 0 0 0
2652 1 0 0 0 0
2688 5 1 0 0 0
2711 5 1 0 0 0
fn=do_preload
787 6 0 0 0 0
789 1 0 0 0 0
793 1 0 0 0 0
794 1 0 0 0 0
795 1 0 0 0 0
797 1 0 0 0 0
799 6 0 0 0 0
800 3 1 0 0 0
808 3 0 0 0 0
814 5 0 0 0 0
fn=handle_preload_list
183 3 1 0 0 0
852 8 0 0 0 0
853 1 0 0 0 0
857 7 2 1 0 0
860 4 0 0 0 0
861 3 1 0 0 0
863 6 0 0 0 0
864 2 0 0 0 0
870 1 0 0 0 0
872 2 0 0 0 0
874 2 1 0 0 0
875 5 0 0 0 0
878 9 0 0 0 0
fn=init_tls
734 3 0 0 0 0
736 2 0 0 0 0
740 3 1 0 0 0
746 2 0 0 0 0
749 1 0 0 0 0
750 1 0 0 0 0
751 1 0 0 0 0
756 1 0 0 0 0
759 2 0 0 0 0
762 1 0 0 0 0
769 2 0 0 0 0
770 2 1 0 0 0
776 2 0 0 0 0
780 1 0 0 0 0
783 5 0 0 0 0
fn=map_doit
641 2 0 0 0 0
643 4 0 0 0 0
644 6 0 0 0 0
646 2 0 0 0 0
fn=version_check_doit
674 2 0 0 0 0
676 6 1 1 0 0
680 2 0 0 0 0
fl=./elf/./get-dynamic-info.h
fn=_dl_start
45 75 19 2 0 0
49 36 18 12 0 0
51 10 5 0 0 0
52 5 0 0 0 0
54 20 5 1 0 0
55 16 0 0 0 0
56 5 1 1 0 0
59 4 1 1 0 0
62 4 1 0 0 0
64 4 0 0 0 0
68 18 0 0 0 0
72 3 1 0 0 0
84 4 1 0 0 0
85 3 1 1 0 0
86 4 1 0 0 0
87 4 1 0 0 0
88 5 1 0 0 0
89 3 1 1 0 0
90 4 1 0 0 0
91 4 1 0 0 0
103 10 2 1 0 0
110 3 1 1 0 0
123 3 1 0 0 0
129 3 1 0 0 0
130 3 1 0 0 0
133 2 1 0 0 0
134 3 1 0 0 0
139 5 2 0 0 0
142 5 2 0 0 0
fn=dl_main
39 3 1 0 0 0
43 1 0 0 0 0
45 107 27 2 0 0
49 52 26 11 0 0
51 12 6 0 0 0
52 6 0 0 0 0
54 25 6 1 0 0
55 21 0 0 0 0
56 5 1 0 0 0
59 4 1 1 0 0
62 4 1 0 0 0
64 4 0 0 0 0
68 26 0 0 0 0
72 5 2 1 0 0
84 3 1 1 0 0
85 4 1 0 0 0
86 4 1 0 0 0
87 4 1 0 0 0
88 3 1 1 0 0
89 4 1 0 0 0
90 4 1 0 0 0
91 4 1 0 0 0
103 8 2 0 0 0
110 3 1 1 0 0
115 2 1 0 0 0
122 2 1 0 0 0
123 3 1 0 0 0
129 3 1 1 0 0
147 3 1 1 0 0
162 3 1 0 0 0
164 3 0 0 0 0
165 2 1 1 0 0
174 2 0 0 0 0
175 3 1 1 0 0
180 2 1 1 0 0
184 2 1 1 0 0
fl=./elf/./setup-vdso.h
fn=dl_main
24 2 1 1 0 0
fl=./iconv/./iconv/gconv_simple.c
fn=__gconv_btwoc_ascii
51 512 0 0 0 0
54 128 0 0 0 0
fl=./io/../sysdeps/unix/sysv/linux/access.c
fn=access
27 7 1 1 0 0
31 1 0 0 0 0
fl=./io/../sysdeps/unix/sysv/linux/close_nocancel.c
fn=__GI___close_nocancel
26 24 6 0 0 0
27 6 0 0 0 0
fl=./io/../sysdeps/unix/sysv/linux/fstat64.c
fn=fstat
39 32 8 0 0 0
72 8 0 0 0 0
fl=./io/../sysdeps/unix/sysv/linux/fstatat64.c
fn=fstatat
91 6 0 0 0 0
146 3 0 0 0 0
160 4 0 0 0 0
161 11 3 3 0 0
162 1 0 0 0 0
fl=./io/../sysdeps/unix/sysv/linux/open64_nocancel.c
fn=__open_nocancel
28 12 0 0 0 0
31 84 24 0 0 0
39 102 12 4 0 0
41 12 0 0 0 0
fl=./io/../sysdeps/unix/sysv/linux/pread64_nocancel.c
fn=__pread64_nocancel
25 2 0 0 0 0
26 8 2 0 0 0
27 2 0 0 0 0
fl=./io/../sysdeps/unix/sysv/linux/read.c
fn=read
25 1 0 0 0 0
26 6 0 0 0 0
27 2 0 0 0 0
fl=./io/../sysdeps/unix/sysv/linux/read_nocancel.c
fn=__read_nocancel
26 20 5 0 0 0
27 5 0 0 0 0
fl=./io/../sysdeps/unix/sysv/linux/stat64.c
fn=stat
28 3 0 0 0 0
29 12 0 0 0 0
fl=./io/../sysdeps/unix/sysv/linux/write.c
fn=write
25 2 0 0 0 0
26 12 0 0 0 0
27 4 0 0 0 0
fl=./libio/../include/sys/sysmacros.h
fn=_IO_file_doallocate
47 12 0 0 0 0
fl=./libio/./libio/filedoalloc.c
fn=_IO_file_doallocate
78 14 0 0 0 0
84 18 4 0 2 1
86 8 2 2 0 0
89 4 2 0 0 0
91 4 0 0 0 0
94 4 0 0 0 0
97 8 2 0 0 0
101 6 0 0 0 0
102 4 2 0 0 0
104 8 0 0 0 0
105 2 0 0 0 0
106 16 2 0 0 0
fl=./libio/./libio/fileops.c
fn=_IO_do_write@@GLIBC_2.2.5
425 4 0 0 0 0
427 20 4 1 0 0
428 6 0 0 0 0
fn=_IO_file_overflow@@GLIBC_2.2.5
733 712 0 0 0 0
734 534 178 0 0 0
741 1066 355 5 0 0
744 2 1 1 0 0
746 2 0 0 0 0
747 6 0 0 0 0
756 3 1 0 0 0
765 3 1 1 0 0
767 1 0 0 0 0
768 1 0 0 0 0
769 1 0 0 0 0
770 3 0 0 0 0
772 3 0 0 0 0
773 5 1 0 0 0
774 1 0 0 0 0
776 356 178 2 0 0
777 4 0 0 0 0
778 181 0 0 0 0
779 352 176 0 0 0
782 528 0 0 0 0
783 528 176 0 0 0
784 704 176 2 0 0
785 8 2 2 0 0
786 6 0 0 0 0
788 176 0 0 0 0
789 710 0 0 0 0
fn=_IO_file_read
1134 1 0 0 0 0
1135 3 1 0 0 0
fn=_IO_file_stat
1149 4 0 0 0 0
fn=_IO_file_sync@@GLIBC_2.2.5
794 12 0 0 0 0
799 12 3 3 0 0
801 3 0 0 0 0
802 6 3 3 0 0
813 6 0 0 0 0
817 12 0 0 0 0
fn=_IO_file_underflow@@GLIBC_2.2.5
463 6 0 0 0 0
467 3 1 1 0 0
470 2 1 0 0 0
476 3 1 0 0 0
479 2 1 1 0 0
482 3 1 1 0 0
487 2 0 0 0 0
491 3 1 1 0 0
498 15 2 0 0 0
500 4 1 1 0 0
502 5 0 0 1 1
507 2 0 0 0 0
513 3 0 0 0 0
514 1 0 0 0 0
515 2 0 0 0 0
516 1 0 0 0 0
518 5 0 0 1 1
520 2 1 0 0 0
527 3 0 0 0 0
536 3 1 1 0 0
538 2 0 0 0 0
539 6 0 0 0 0
fn=_IO_file_write@@GLIBC_2.2.5
1175 12 0 0 0 0
1176 4 0 0 0 0
1177 12 4 2 0 0
1181 6 0 0 0 0
1182 6 2 2 0 0
1183 4 2 0 0 0
1188 2 0 0 0 0
1189 2 0 0 0 0
1191 6 0 0 0 0
1192 6 2 2 0 0
1195 12 0 0 0 0
fn=_IO_file_xsputn@@GLIBC_2.2.5
1199 20 0 0 0 0
1201 1 0 0 0 0
1205 4 2 1 0 0
1206 2 0 0 0 0
1212 8 2 1 0 0
1214 4 0 0 0 0
1215 4 1 0 0 0
1218 133 66 1 0 0
1220 195 65 5 0 0
1229 3 1 1 0 0
1230 1 0 0 0 0
1235 3 0 0 0 0
1237 3 0 0 0 0
1238 1 0 0 0 0
1239 2 0 0 0 0
1241 2 1 0 0 0
1245 6 1 0 1 1
1251 2 0 0 0 0
1252 5 1 0 0 0
1254 3 1 0 0 0
1265 2 1 1 0 0
1266 4 0 0 0 0
1268 5 0 0 0 0
1269 16 0 0 0 0
fn=new_do_write
433 16 0 0 0 0
435 4 2 2 0 0
442 8 2 2 0 0
450 12 0 0 2 1
451 10 2 0 0 0
453 6 0 0 0 0
454 4 0 0 0 0
455 2 0 0 0 0
456 4 2 2 0 0
457 8 2 2 0 0
459 14 0 0 0 0
fl=./libio/./libio/genops.c
fn=_IO_default_uflow
387 4 0 0 0 0
388 3 0 0 1 1
389 2 1 0 0 0
391 4 0 0 0 0
392 4 0 0 0 0
fn=_IO_default_xsputn
397 11 0 0 0 0
399 1 0 0 0 0
400 2 1 0 0 0
401 1 0 0 0 0
405 700 175 2 0 0
425 1742 349 1 174 1
427 174 0 0 0 0
430 8 0 0 0 0
fn=_IO_doallocbuf
369 6 0 0 0 0
370 4 2 2 0 0
372 8 2 2 0 0
373 10 2 2 2 1
376 8 0 0 0 0
fn=_IO_setb
355 18 0 0 0 0
356 8 2 1 0 0
358 2 0 0 0 0
359 2 0 0 0 0
361 12 0 0 0 0
364 12 0 0 0 0
fn=_IO_sputbackc
661 20 0 0 0 0
664 30 10 5 0 0
665 10 5 0 0 0
667 10 0 0 0 0
668 5 0 0 0 0
673 5 0 0 0 0
674 10 0 0 0 0
677 20 0 0 0 0
fn=_IO_switch_to_get_mode
190 4 0 0 0 0
191 3 1 1 0 0
194 3 1 0 0 0
198 2 0 0 0 0
199 2 1 1 0 0
202 1 0 0 0 0
204 2 0 0 0 0
206 2 0 0 0 0
207 1 0 0 0 0
208 4 0 0 0 0
fn=__overflow
225 4 0 0 0 0
227 6 2 2 0 0
229 6 0 0 2 1
230 4 0 0 0 0
fn=__uflow
325 4 0 0 0 0
326 4 1 0 0 0
331 2 1 0 0 0
334 3 1 0 0 0
336 2 1 0 0 0
342 2 1 1 0 0
347 2 1 1 0 0
349 4 0 0 1 1
350 3 0 0 0 0
fl=./libio/./libio/getc.c
fn=getc
34 24 0 0 0 0
37 12 6 6 0 0
38 34 6 1 0 0
43 23 0 0 0 0
fl=./libio/./libio/iofflush.c
fn=fflush
32 12 0 0 0 0
33 6 3 0 0 0
39 36 6 6 0 0
40 15 0 0 3 1
44 15 0 0 0 0
fl=./libio/./libio/iofwrite.c
fn=fwrite
31 14 0 0 0 0
32 4 0 0 0 0
35 12 2 0 0 0
37 24 4 2 0 0
38 9 3 2 0 0
39 10 0 0 2 1
45 8 2 2 0 0
46 2 0 0 0 0
49 18 0 0 0 0
fl=./libio/./libio/ioungetc.c
fn=ungetc
31 30 0 0 0 0
34 10 5 0 0 0
36 10 5 5 0 0
37 15 0 0 0 0
42 20 0 0 0 0
fl=./libio/./libio/libioP.h
fn=_IO_default_uflow
1036 3 0 0 0 0
1037 2 1 0 0 0
fn=_IO_default_xsputn
1036 349 0 0 0 0
1037 348 174 0 0 0
fn=_IO_doallocbuf
1036 6 0 0 0 0
1037 4 2 0 0 0
fn=_IO_file_doallocate
1036 6 0 0 0 0
1037 4 2 0 0 0
fn=_IO_file_underflow@@GLIBC_2.2.5
990 2 1 0 0 0
991 10 2 0 0 0
1036 5 0 0 0 0
1037 4 2 0 0 0
fn=_IO_file_xsputn@@GLIBC_2.2.5
1036 3 0 0 0 0
1037 2 1 0 0 0
fn=__overflow
1036 6 0 0 0 0
1037 4 2 0 0 0
fn=__uflow
1036 3 0 0 0 0
1037 2 1 0 0 0
fn=fflush
990 6 3 0 0 0
991 24 6 0 0 0
1036 9 0 0 0 0
1037 6 3 0 0 0
fn=fwrite
990 4 2 2 0 0
991 18 4 0 0 0
1036 6 0 0 0 0
1037 4 2 0 0 0
fn=new_do_write
1036 6 0 0 0 0
1037 4 2 0 0 0
fl=./libio/./libio/putc.c
fn=putc
25 12 0 0 0 0
28 4 2 2 0 0
29 14 2 2 0 0
34 8 0 0 0 0
fl=./libio/./libio/stdfiles.c
fn=_IO_stdfiles_init
66 3 0 0 0 0
67 12 4 2 0 0
68 3 0 0 0 0
69 3 0 0 0 0
70 1 0 0 0 0
fl=./libio/./libio/vtables.c
fn=check_stdfiles_vtables
546 4 1 1 0 0
547 3 1 1 0 0
548 3 1 0 0 0
550 1 0 0 0 0
fl=./locale/./locale/newlocale.c
fn=newlocale
43 12 0 0 0 0
55 2 1 1 0 0
56 1 0 0 0 0
63 2 1 0 0 0
66 3 1 0 0 0
73 4 2 1 0 0
75 1 0 0 0 0
277 12 1 0 0 0
fl=./locale/./locale/uselocale.c
fn=uselocale
31 6 0 0 0 0
33 4 2 0 0 0
36 4 0 0 0 0
37 2 0 0 0 0
65 6 0 0 0 0
66 6 0 0 0 0
68 6 0 0 0 0
72 6 0 0 0 0
73 2 0 0 0 0
fl=./malloc/../string/bits/string_fortified.h
fn=tcache_init.part.0
59 88 80 8 0 0
fl=./malloc/../sysdeps/unix/sysv/linux/not-cancel.h
fn=ptmalloc_init.part.0
100 6 0 0 0 0
fl=./malloc/./malloc/arena.c
fn=malloc
153 6012 3006 4 0 0
264 1 0 0 0 0
fn=ptmalloc_init.part.0
262 6 0 0 0 0
267 1 0 0 0 0
292 2 1 1 0 0
296 3 0 0 0 0
300 4 0 0 0 0
301 4 0 0 0 0
302 4 0 0 0 0
303 4 0 0 0 0
304 4 0 0 0 0
305 4 0 0 0 0
306 4 0 0 0 0
308 4 0 0 0 0
309 4 0 0 0 0
310 4 0 0 0 0
313 4 0 0 0 0
314 4 0 0 0 0
316 2 1 0 0 0
326 7 1 0 0 0
fl=./malloc/./malloc/malloc.c
fn=_int_free_chunk
1796 16 0 0 0 0
4574 144 0 0 0 0
4582 32 16 1 0 0
4658 32 16 0 0 0
4661 32 0 0 0 0
4664 32 16 2 0 0
4667 64 0 0 0 0
4679 80 0 0 0 0
fn=_int_free_create_chunk
4755 128 0 0 0 0
4756 32 16 0 0 0
4762 32 16 0 0 0
4766 16 0 0 0 0
4770 32 16 0 0 0
4778 16 0 0 0 0
4779 16 0 0 0 0
4780 32 16 0 0 0
4782 32 0 0 0 0
4799 16 0 0 0 0
4800 16 0 0 0 0
4801 16 0 0 0 0
4802 16 0 0 0 0
4804 48 0 0 0 0
4805 16 0 0 0 0
4820 80 0 0 0 0
fn=_int_free_merge_chunk
1994 48 16 2 0 0
4707 80 0 0 0 0
4708 16 0 0 0 0
4712 96 16 0 0 0
4715 32 16 0 0 0
4720 48 16 0 0 0
4723 32 0 0 0 0
4724 32 16 0 0 0
4725 32 16 0 0 0
4731 32 16 2 0 0
4742 96 0 0 0 0
4744 96 0 0 0 0
4833 32 16 0 0 0
fn=_int_malloc
1328 6014 3007 0 0 0
1347 12028 3007 0 0 0
1796 3007 0 0 0 0
3170 1 0 0 0 0
3904 27063 0 0 0 0
3945 6014 3007 0 0 0
3972 6014 3007 4 0 0
3992 12028 0 0 0 0
4035 6014 3007 1 0 0
4037 6 0 0 0 0
4038 2 0 0 0 0
4040 3 1 1 0 0
4097 30060 6012 7 0 0
4098 9018 3006 3 0 0
4116 9019 0 0 0 0
4117 9021 0 0 0 0
4118 9021 3007 1 0 0
4127 32 0 0 0 0
4128 15083 3023 19 0 0
4130 16 0 0 0 0
4131 32 0 0 0 0
4132 16 0 0 0 0
4134 32 16 0 0 0
4135 48 16 0 0 0
4137 16 0 0 0 0
4138 64 16 2 0 0
4140 64 16 0 0 0
4142 32 16 0 0 0
4143 32 16 0 0 0
4145 32 16 0 0 0
4156 64 16 0 0 0
4185 16 0 0 0 0
4186 16 0 0 0 0
4190 32 16 0 0 0
4219 32 16 0 0 0
4223 16 0 0 0 0
4227 192 32 3 0 0
4228 34 0 0 0 0
4229 16 0 0 0 0
4232 32 16 3 0 0
4235 28 0 0 0 0
4237 56 14 0 0 0
4238 28 14 2 0 0
4250 70 14 0 0 0
4251 28 14 0 0 0
4257 14 14 1 0 0
4260 28 0 0 0 0
4270 14 0 0 0 0
4271 28 14 2 0 0
4276 8 0 0 0 0
4279 96 0 0 0 0
4280 16 0 0 0 0
4281 16 0 0 0 0
4282 16 0 0 0 0
4283 16 0 0 0 0
4288 32 0 0 0 0
4289 48 16 4 0 0
4298 48 16 0 0 0
4304 48 16 0 0 0
4315 9021 3007 1 0 0
4317 12024 0 0 0 0
4320 9018 3006 7 0 0
4321 3007 0 0 0 0
4388 3007 0 0 0 0
4389 6014 0 0 0 0
4390 6014 0 0 0 0
4391 6014 0 0 0 0
4392 24056 0 0 0 0
4397 12028 3007 0 0 0
4401 9033 3011 9 0 0
4404 20 4 0 0 0
4501 3007 0 0 0 0
4502 6014 0 0 0 0
4504 6014 3007 0 0 0
4507 9021 3007 80 0 0
4509 2930 0 0 0 0
4510 2930 0 0 0 0
4511 2930 0 0 0 0
4512 23440 0 0 0 0
4514 5860 0 0 0 0
4517 2930 0 0 0 0
4518 2930 0 0 0 0
4524 231 77 2 0 0
4539 308 0 0 0 0
4540 154 77 3 0 0
4541 18042 0 0 0 0
4545 27063 0 0 0 0
fn=alloc_perturb
1987 9021 3007 1 0 0
1989 3007 0 0 0 0
fn=malloc
1328 6012 3006 1 0 0
1347 15030 3006 0 0 0
3215 6012 3006 5 0 0
3217 6 2 0 0 0
3313 4 1 0 0 0
3359 6012 0 0 0 0
3361 12024 3006 1 0 0
3385 15030 0 0 0 0
3392 6012 3006 1 0 0
3404 6012 3006 5 0 0
3406 12024 0 0 0 0
3407 15030 3006 0 0 0
3432 15030 0 0 0 0
fn=ptmalloc_init.part.0
1948 385 127 4 0 0
1951 381 0 0 0 0
1959 1 0 0 0 0
1960 1 0 0 0 0
1962 1 0 0 0 0
3145 2 1 1 0 0
fn=sysmalloc
2010 309 62 0 0 0
2534 847 0 0 0 0
2554 154 0 0 0 0
2555 77 0 0 0 0
2565 154 77 0 0 0
2566 154 77 0 0 0
2590 77 0 0 0 0
2591 231 0 0 0 0
2592 77 0 0 0 0
2601 994 229 3 0 0
2607 228 76 0 0 0
2610 231 77 1 0 0
2671 154 0 0 0 0
2680 308 0 0 0 0
2693 231 77 0 0 0
2701 385 0 0 0 0
2709 154 77 3 0 0
2711 385 0 0 0 0
2712 308 77 2 0 0
2729 64 16 0 0 0
2734 128 0 0 0 0
2736 64 16 0 0 0
2740 32 0 0 0 0
2744 32 16 0 0 0
2746 154 77 1 0 0
2747 2 0 0 0 0
2748 324 0 0 0 0
2754 122 61 1 0 0
2755 240 0 0 0 0
2757 36 18 4 0 0
2784 19 0 0 0 0
2785 3 0 0 0 0
2797 3 1 1 0 0
2819 3 0 0 0 0
2820 6 0 0 0 0
2822 2 1 0 0 0
2823 5 0 0 0 0
2835 5 1 0 0 0
2849 48 16 0 0 0
2868 32 16 0 0 0
2877 17 0 0 0 0
2878 68 0 0 0 0
2879 34 0 0 0 0
2890 34 17 1 0 0
2897 32 0 0 0 0
2898 48 0 0 0 0
2906 16 0 0 0 0
2908 16 0 0 0 0
2913 32 16 0 0 0
2923 170 77 0 0 0
2924 77 0 0 0 0
2928 108 0 0 0 0
2929 154 0 0 0 0
2932 154 77 0 0 0
2934 77 0 0 0 0
2935 77 0 0 0 0
2936 77 0 0 0 0
2937 539 0 0 0 0
2938 154 0 0 0 0
2940 77 0 0 0 0
2946 847 77 0 0 0
3252 32 0 0 0 0
3253 96 32 0 0 0
3263 3 0 0 0 0
4558 64 0 0 0 0
4559 32 16 0 0 0
4563 64 16 0 0 0
4690 48 0 0 0 0
4699 80 0 0 0 0
fn=sysmalloc_mmap_fallback.constprop.0
2010 64 16 2 0 0
2492 128 0 0 0 0
2496 16 0 0 0 0
2499 48 16 2 0 0
2500 5 0 0 0 0
2503 32 16 0 0 0
2504 32 0 0 0 0
2507 32 16 0 0 0
2508 16 0 0 0 0
2510 144 0 0 0 0
2513 32 16 0 0 0
2517 32 16 2 0 0
2521 64 0 0 0 0
2526 16 0 0 0 0
2528 16 0 0 0 0
2530 112 0 0 0 0
fn=tcache_init.part.0
3307 2 0 0 0 0
3316 8 2 1 0 0
3317 3 0 0 0 0
3318 2 1 0 0 0
3326 4 2 1 0 0
3335 2 0 0 0 0
3339 3 0 0 0 0
fl=./malloc/./malloc/morecore.c
fn=__glibc_morecore
25 78 0 0 0 0
26 156 78 0 0 0
27 16 0 0 0 0
29 78 0 0 0 0
30 156 78 0 0 0
34 156 0 0 0 0
fl=./malloc/./malloc/scratch_buffer_set_array_size.c
fn=__libc_scratch_buffer_set_array_size
30 45 0 0 0 0
34 5 0 0 0 0
35 10 5 2 0 0
45 10 5 2 0 0
46 5 0 0 0 0
63 20 0 0 0 0
fl=./math/../sysdeps/x86_64/fpu/multiarch/e_asin.c
fn=__acos_finite@GLIBC_2.15
37 1 0 0 0 0
fn=__asin_finite@GLIBC_2.15
29 1 0 0 0 0
fl=./math/../sysdeps/x86_64/fpu/multiarch/e_atan2.c
fn=__atan2_finite@GLIBC_2.15
28 1 0 0 0 0
fl=./math/../sysdeps/x86_64/fpu/multiarch/e_exp.c
fn=__exp_finite@GLIBC_2.15
29 1 0 0 0 0
fl=./math/../sysdeps/x86_64/fpu/multiarch/e_exp2f.c
fn=exp2f@@GLIBC_2.27
29 1 0 0 0 0
fl=./math/../sysdeps/x86_64/fpu/multiarch/e_expf.c
fn=expf@@GLIBC_2.27
29 1 0 0 0 0
fl=./math/../sysdeps/x86_64/fpu/multiarch/e_log.c
fn=__log_finite@GLIBC_2.15
29 1 0 0 0 0
fl=./math/../sysdeps/x86_64/fpu/multiarch/e_log2.c
fn=log2@@GLIBC_2.29
29 1 0 0 0 0
fl=./math/../sysdeps/x86_64/fpu/multiarch/e_log2f.c
fn=log2f@@GLIBC_2.27
29 1 0 0 0 0
fl=./math/../sysdeps/x86_64/fpu/multiarch/e_logf.c
fn=logf@@GLIBC_2.27
29 1 0 0 0 0
fl=./math/../sysdeps/x86_64/fpu/multiarch/e_pow.c
fn=__pow_finite@GLIBC_2.15
29 1 0 0 0 0
fl=./math/../sysdeps/x86_64/fpu/multiarch/e_powf.c
fn=powf@@GLIBC_2.27
32 1 0 0 0 0
fl=./math/../sysdeps/x86_64/fpu/multiarch/ifunc-avx-fma4.h
fn=__atan2_finite@GLIBC_2.15
32 5 1 0 0 0
33 2 1 1 0 0
fn=__exp_finite@GLIBC_2.15
32 5 1 0 0 0
33 2 1 1 0 0
fn=__log_finite@GLIBC_2.15
32 5 1 0 0 0
33 2 1 0 0 0
fn=atan
32 5 1 0 0 0
33 2 1 1 0 0
fn=cos
32 5 1 0 0 0
33 2 1 1 0 0
fn=sin
32 5 1 0 0 0
33 2 1 1 0 0
fn=tan
32 5 1 0 0 0
33 2 1 1 0 0
fl=./math/../sysdeps/x86_64/fpu/multiarch/ifunc-fma.h
fn=__log1p
29 4 1 1 0 0
30 3 0 0 0 0
fn=cosf
29 4 1 0 0 0
30 3 0 0 0 0
fn=exp2f@@GLIBC_2.27
29 4 1 0 0 0
30 3 0 0 0 0
fn=expf@@GLIBC_2.27
29 4 1 0 0 0
30 3 0 0 0 0
fn=expm1
29 4 1 0 0 0
30 3 0 0 0 0
fn=log2@@GLIBC_2.29
29 4 1 1 0 0
30 3 0 0 0 0
fn=log2f@@GLIBC_2.27
29 4 1 0 0 0
30 3 0 0 0 0
fn=logf@@GLIBC_2.27
29 4 1 0 0 0
30 3 0 0 0 0
fn=powf@@GLIBC_2.27
29 4 1 0 0 0
30 3 0 0 0 0
fn=sincosf
29 4 1 0 0 0
30 3 0 0 0 0
fn=sinf
29 4 1 0 0 0
30 3 0 0 0 0
fl=./math/../sysdeps/x86_64/fpu/multiarch/ifunc-fma4.h
fn=__acos_finite@GLIBC_2.15
31 4 1 0 0 0
32 2 1 1 0 0
fn=__asin_finite@GLIBC_2.15
31 4 1 0 0 0
32 2 1 1 0 0
fn=__pow_finite@GLIBC_2.15
31 4 1 0 0 0
32 2 1 1 0 0
fn=sincos
31 4 1 0 0 0
32 2 1 1 0 0
fl=./math/../sysdeps/x86_64/fpu/multiarch/ifunc-sse4_1.h
fn=roundeven
29 5 0 0 0 0
fl=./math/../sysdeps/x86_64/fpu/multiarch/s_atan.c
fn=atan
28 1 0 0 0 0
fl=./math/../sysdeps/x86_64/fpu/multiarch/s_cosf.c
fn=cosf
28 1 0 0 0 0
fl=./math/../sysdeps/x86_64/fpu/multiarch/s_expm1.c
fn=expm1
28 1 0 0 0 0
fl=./math/../sysdeps/x86_64/fpu/multiarch/s_fma.c
fn=fma
49 5 1 1 0 0
fl=./math/../sysdeps/x86_64/fpu/multiarch/s_fmaf.c
fn=fmaf
44 5 1 1 0 0
fl=./math/../sysdeps/x86_64/fpu/multiarch/s_log1p.c
fn=__log1p
28 1 0 0 0 0
fl=./math/../sysdeps/x86_64/fpu/multiarch/s_roundeven.c
fn=roundeven
32 1 0 0 0 0
fl=./math/../sysdeps/x86_64/fpu/multiarch/s_sin.c
fn=cos
36 1 0 0 0 0
fn=sin
29 1 0 0 0 0
fl=./math/../sysdeps/x86_64/fpu/multiarch/s_sincos.c
fn=sincos
28 1 0 0 0 0
fl=./math/../sysdeps/x86_64/fpu/multiarch/s_sincosf.c
fn=sincosf
28 1 0 0 0 0
fl=./math/../sysdeps/x86_64/fpu/multiarch/s_sinf.c
fn=sinf
28 1 0 0 0 0
fl=./math/../sysdeps/x86_64/fpu/multiarch/s_tan.c
fn=tan
28 1 0 0 0 0
fl=./misc/../sysdeps/unix/syscall-template.S
fn=mprotect
117 28 7 2 0 0
122 7 0 0 0 0
fn=munmap
117 4 1 0 0 0
122 1 0 0 0 0
fl=./misc/../sysdeps/unix/sysv/linux/brk.c
fn=brk
37 156 0 0 0 0
38 156 78 3 0 0
40 32 0 0 0 0
41 32 0 0 0 0
44 62 0 0 0 0
45 62 0 0 0 0
fl=./misc/../sysdeps/unix/sysv/linux/brk_call.h
fn=brk
24 156 0 0 0 0
fl=./misc/../sysdeps/unix/sysv/linux/mmap64.c
fn=mmap
47 168 0 0 0 0
50 84 42 1 0 0
53 219 72 16 0 0
58 252 42 0 0 0
60 126 0 0 0 0
fl=./misc/../sysdeps/unix/sysv/linux/setvmaname.c
fn=__set_vma_name
33 71 0 0 0 0
35 91 19 3 0 0
40 14 2 2 0 0
47 2 0 0 0 0
48 1 0 0 0 0
49 136 16 0 0 0
fl=./misc/./misc/init-misc.c
fn=__init_misc
30 4 0 0 0 0
31 5 2 0 0 0
33 3 0 0 0 0
37 5 0 0 0 0
38 3 0 0 0 0
40 4 0 0 0 0
fl=./misc/./misc/sbrk.c
fn=sbrk
37 312 0 0 0 0
40 156 0 0 0 0
43 156 78 4 0 0
50 16 0 0 0 0
58 156 78 1 0 0
59 4 1 0 0 0
62 156 78 3 0 0
63 2 0 0 0 0
66 308 154 0 0 0
74 231 77 2 0 0
78 390 0 0 0 0
fl=./nptl/../sysdeps/nptl/futex-internal.h
fn=__pthread_once_slow.isra.0
209 8 1 1 0 0
fl=./nptl/../sysdeps/unix/sysv/linux/x86/elision-conf.c
fn=__lll_elision_init
92 2 0 0 0 0
96 7 0 0 0 0
98 4 0 0 0 0
100 4 0 0 0 0
102 4 0 0 0 0
104 4 0 0 0 0
107 3 1 0 0 0
108 1 0 0 0 0
109 6 1 0 0 0
fl=./nptl/./nptl/cancellation.c
fn=__internal_syscall_cancel
30 6 0 0 0 0
37 6 0 0 0 0
38 6 3 3 0 0
40 6 0 0 0 0
64 6 0 0 0 0
fn=__syscall_cancel
74 3 0 0 0 0
75 6 0 0 0 0
79 15 3 0 0 0
80 9 0 0 0 0
fl=./nptl/./nptl/cleanup_compat.c
fn=_pthread_cleanup_pop@@GLIBC_2.34
43 2 0 0 0 0
47 2 1 1 0 0
49 1 0 0 0 0
fn=_pthread_cleanup_push@@GLIBC_2.34
28 1 0 0 0 0
29 1 0 0 0 0
30 2 0 0 0 0
32 1 0 0 0 0
33 1 0 0 0 0
fl=./nptl/./nptl/pthread_mutex_conf.c
fn=__pthread_tunables_init
55 2 0 0 0 0
56 6 0 0 0 0
58 4 0 0 0 0
60 4 0 0 0 0
62 6 1 0 0 0
fl=./nptl/./nptl/pthread_once.c
fn=__pthread_once_slow.isra.0
67 8 0 0 0 0
76 1 0 0 0 0
80 2 1 1 0 0
88 2 0 0 0 0
92 2 1 0 0 0
101 4 1 1 0 0
114 13 0 0 0 0
116 1 0 0 1 1
118 3 0 0 0 0
124 1 0 0 0 0
132 8 1 0 0 0
fn=pthread_once@@GLIBC_2.34
136 1 0 0 0 0
139 14 0 0 0 0
140 28 14 1 0 0
143 1 0 0 0 0
144 29 0 0 0 0
fl=./resource/../sysdeps/unix/sysv/linux/getrlimit64.c
fn=getrlimit
38 1 0 0 0 0
39 7 1 0 0 0
40 1 0 0 0 0
fl=./setjmp/../sysdeps/x86_64/bsd-_setjmp.S
fn=_setjmp
30 1 0 0 0 0
32 1 0 0 0 0
fl=./setjmp/../sysdeps/x86_64/setjmp.S
fn=__sigsetjmp
33 13 0 0 0 0
42 13 0 0 0 0
43 26 0 0 0 0
44 13 0 0 0 0
48 13 0 0 0 0
49 13 0 0 0 0
50 13 0 0 0 0
51 13 0 0 0 0
52 13 0 0 0 0
54 26 0 0 0 0
56 13 0 0 0 0
57 13 0 0 0 0
60 26 0 0 0 0
62 13 0 0 0 0
81 12 0 0 0 0
82 12 0 0 0 0
85 1 0 0 0 0
fl=./setjmp/./setjmp/sigjmp.c
fn=__sigjmp_save
28 2 0 0 0 0
29 1 0 0 0 0
30 2 1 0 0 0
34 3 0 0 0 0
fl=./stdlib/../string/bits/string_fortified.h
fn=random_r
29 2000000 0 0 0 0
fl=./stdlib/../sysdeps/unix/sysv/linux/getrandom.c
fn=__getrandom_early_init
238 5 0 0 0 0
241 6 2 1 0 0
278 6 1 0 0 0
fl=./stdlib/./stdlib/cxa_atexit.c
fn=__cxa_atexit
68 24 0 0 0 0
fn=__internal_atexit
36 60 0 0 0 0
41 24 12 0 0 0
43 96 12 0 0 0
44 24 0 0 0 0
46 24 12 0 0 0
52 36 0 0 0 0
53 12 0 0 0 0
54 12 0 0 0 0
55 12 0 0 0 0
56 12 0 0 0 0
57 48 24 0 0 0
58 12 0 0 0 0
59 72 0 0 0 0
fn=__new_exitfn
80 48 0 0 0 0
81 12 0 0 0 0
86 24 12 0 0 0
91 64 13 1 0 0
93 48 12 5 0 0
94 55 11 6 0 0
101 1 0 0 0 0
104 22 11 0 0 0
122 1 0 0 0 0
123 1 0 0 0 0
129 33 0 0 0 0
130 22 0 0 0 0
134 1 0 0 0 0
136 12 0 0 0 0
137 12 0 0 0 0
141 60 0 0 0 0
fl=./stdlib/./stdlib/getenv.c
fn=getenv
25 9 0 0 0 0
29 1 0 0 0 0
42 1 0 0 0 0
43 4 2 1 0 0
44 1 0 0 0 0
46 3 0 0 0 0
47 62 0 0 0 0
49 62 0 0 0 0
50 124 62 1 0 0
55 183 61 15 0 0
56 18 3 3 0 0
69 3 1 0 0 0
154 8 0 0 0 0
fl=./stdlib/./stdlib/rand.c
fn=rand
26 2000000 0 0 0 0
27 2000000 0 0 0 0
28 4000000 0 0 0 0
fl=./stdlib/./stdlib/random.c
fn=random
288 8000000 0 0 0 0
291 6000000 2000000 0 0 0
293 6000000 0 0 0 0
295 8000000 4000000 1 0 0
297 2000000 0 0 0 0
298 10000000 2000000 2 0 0
fl=./stdlib/./stdlib/random_r.c
fn=random_r
374 8000000 4000000 0 0 0
377 2000000 0 0 0 0
379 6000000 2000000 2 0 0
388 2000000 0 0 0 0
389 2000000 0 0 0 0
390 2000000 0 0 0 0
395 4000000 0 0 0 0
398 4000000 0 0 0 0
399 3935484 0 0 0 0
400 4000000 2000000 64516 0 0
403 2000000 0 0 0 0
408 3870968 1935484 64518 0 0
409 129032 0 0 0 0
411 2000000 0 0 0 0
412 2000000 0 0 0 0
414 2000000 0 0 0 0
419 2000000 0 0 0 0
fl=./stdlib/./stdlib/secure-getenv.c
fn=secure_getenv
29 5 1 0 0 0
fl=./string/../include/rtld-malloc.h
fn=strdup
56 12 0 0 6 1
fl=./string/../string/strcspn.c
fn=strcspn
32 3 0 0 0 0
33 3 1 0 0 0
34 2 1 0 0 0
39 6 0 0 0 0
40 4 0 0 0 0
41 4 0 0 0 0
42 4 0 0 0 0
44 1 0 0 0 0
47 9 0 0 0 0
48 6 3 2 0 0
51 4 1 0 0 0
52 4 1 0 0 0
53 4 1 0 0 0
54 4 1 0 0 0
56 5 0 0 0 0
61 13 0 0 0 0
62 26 0 0 0 0
63 26 0 0 0 0
64 26 0 0 0 0
65 13 0 0 0 0
67 78 13 10 0 0
69 1 0 0 0 0
70 4 1 1 0 0
71 3 0 0 0 0
fl=./string/../sysdeps/x86/cacheinfo.c
fn=__x86_cacheinfo
86 2 0 0 0 0
fl=./string/../sysdeps/x86/cacheinfo.h
fn=__x86_cacheinfo
62 1 0 0 0 0
65 3 1 0 0 0
67 3 0 0 0 0
68 1 0 0 0 0
74 3 1 0 0 0
76 3 0 0 0 0
77 1 0 0 0 0
81 2 0 0 0 0
84 2 0 0 0 0
86 2 0 0 0 0
87 2 0 0 0 0
88 2 0 0 0 0
90 2 1 1 0 0
fl=./string/../sysdeps/x86_64/multiarch/../multiarch/memcmp-sse2.S
fn=bcmp
71 1 0 0 0 0
72 1 1 0 0 0
94 1 0 0 0 0
95 1 1 1 0 0
140 1 0 0 0 0
141 1 0 0 0 0
143 1 0 0 0 0
144 1 1 0 0 0
146 1 0 0 0 0
147 1 0 0 0 0
149 1 0 0 0 0
150 1 1 1 0 0
197 1 0 0 0 0
198 1 0 0 0 0
199 1 0 0 0 0
200 1 0 0 0 0
201 1 0 0 0 0
202 1 0 0 0 0
fl=./string/../sysdeps/x86_64/multiarch/../multiarch/memset-vec-unaligned-erms.S
fn=memset
138 65 0 0 0 0
143 13 0 0 0 0
144 13 13 7 0 0
147 6 0 0 0 0
148 6 6 3 0 0
150 2 0 0 0 0
151 2 0 0 0 0
152 2 0 0 0 0
236 4 0 0 0 0
237 4 0 0 0 0
249 4 0 0 0 0
252 4 0 0 0 0
253 4 4 0 0 0
265 4 0 0 0 0
266 4 0 0 0 0
279 4 0 0 0 0
280 4 0 0 0 0
282 4 4 1 0 0
285 3 0 0 0 0
288 6 0 0 0 0
291 94 0 0 0 0
292 94 0 0 0 0
293 94 0 0 0 0
294 94 0 0 0 0
295 94 0 0 0 0
296 94 0 0 0 0
297 94 94 19 0 0
300 4 0 0 0 0
301 4 0 0 0 0
302 4 0 0 0 0
303 4 0 0 0 0
308 4 0 0 0 0
354 7 0 0 0 0
356 7 0 0 0 0
357 7 7 7 0 0
396 7 0 0 0 0
397 7 0 0 0 0
399 7 0 0 0 0
fl=./string/../sysdeps/x86_64/multiarch/../multiarch/strchr-sse2.S
fn=index
33 27 0 0 0 0
34 27 0 0 0 0
35 27 0 0 0 0
36 27 0 0 0 0
37 27 0 0 0 0
38 27 0 0 0 0
39 27 0 0 0 0
40 27 27 0 0 0
41 27 0 0 0 0
42 27 0 0 0 0
43 27 0 0 0 0
44 27 0 0 0 0
45 27 0 0 0 0
46 27 0 0 0 0
47 27 0 0 0 0
48 27 0 0 0 0
49 27 27 4 0 0
50 22 0 0 0 0
54 22 0 0 0 0
55 22 0 0 0 0
56 22 0 0 0 0
57 22 0 0 0 0
59 22 0 0 0 0
63 5 0 0 0 0
64 5 0 0 0 0
65 5 0 0 0 0
66 5 0 0 0 0
67 5 0 0 0 0
68 5 0 0 0 0
69 5 0 0 0 0
70 5 0 0 0 0
71 5 0 0 0 0
72 5 0 0 0 0
73 5 0 0 0 0
74 5 0 0 0 0
75 5 0 0 0 0
76 5 0 0 0 0
77 5 0 0 0 0
78 5 0 0 0 0
79 5 0 0 0 0
80 5 0 0 0 0
81 5 0 0 0 0
82 5 0 0 0 0
83 5 0 0 0 0
84 5 0 0 0 0
85 5 0 0 0 0
86 5 5 4 0 0
138 5 0 0 0 0
142 5 0 0 0 0
143 5 0 0 0 0
144 5 0 0 0 0
145 5 0 0 0 0
147 5 0 0 0 0
fl=./string/../sysdeps/x86_64/multiarch/../multiarch/strcmp-sse2.S
fn=strcmp
131 2213 0 0 0 0
132 2213 0 0 0 0
134 2213 0 0 0 0
135 2213 0 0 0 0
156 2213 0 0 0 0
157 2213 2115 136 0 0
158 1868 0 0 0 0
159 1868 1868 70 0 0
160 1787 0 0 0 0
161 1787 0 0 0 0
162 1787 0 0 0 0
163 1787 0 0 0 0
180 1787 0 0 0 0
181 1787 0 0 0 0
182 1787 0 0 0 0
183 1787 0 0 0 0
184 1787 0 0 0 0
185 1787 0 0 0 0
186 1787 1787 41 0 0
191 16 0 0 0 0
192 16 0 0 0 0
201 442 0 0 0 0
202 442 0 0 0 0
203 442 0 0 0 0
204 442 0 0 0 0
205 442 0 0 0 0
206 442 0 0 0 0
207 442 0 0 0 0
208 442 442 18 0 0
209 157 157 64 0 0
210 95 0 0 0 0
211 95 0 0 0 0
212 95 0 0 0 0
214 157 0 0 0 0
215 157 0 0 0 0
216 157 0 0 0 0
217 157 0 0 0 0
218 157 0 0 0 0
219 157 0 0 157 124
229 285 0 0 0 0
230 285 0 0 0 0
231 285 0 0 0 0
233 285 0 0 0 0
239 285 0 0 0 0
240 285 0 0 0 0
241 285 0 0 0 0
242 285 0 0 0 0
243 285 0 0 0 0
248 285 285 22 0 0
250 137 0 0 0 0
251 137 0 0 0 0
252 274 0 0 0 0
260 138 0 0 0 0
261 138 0 0 0 0
264 138 0 0 0 0
265 138 0 0 0 0
266 138 0 0 0 0
267 138 0 0 0 0
268 138 0 0 0 0
269 138 138 10 0 0
275 1 0 0 0 0
276 1 0 0 0 0
277 1 0 0 0 0
280 1 0 0 0 0
281 1 0 0 0 0
282 1 0 0 0 0
283 1 0 0 0 0
284 1 0 0 0 0
285 1 1 1 0 0
290 1 0 0 0 0
291 1 0 0 0 0
300 1 0 0 0 0
301 1 0 0 0 0
302 1 0 0 0 0
303 1 0 0 0 0
304 1 0 0 0 0
306 1 0 0 0 0
307 1 0 0 0 0
308 1 0 0 0 0
309 1 0 0 0 0
310 1 0 0 0 0
311 1 0 0 0 0
312 1 1 0 0 0
313 1 0 0 0 0
316 1 0 0 0 0
317 1 0 0 0 0
318 1 0 0 0 0
324 1 0 0 0 0
325 1 0 0 0 0
326 2 0 0 0 0
330 1 0 0 0 0
331 1 1 0 0 0
334 1 0 0 0 0
335 1 0 0 0 0
336 1 0 0 0 0
338 1 0 0 0 0
339 1 0 0 0 0
340 1 0 0 0 0
344 1 0 0 0 0
345 1 0 0 0 0
346 1 0 0 0 0
347 1 0 0 0 0
348 1 0 0 0 0
349 1 1 1 0 0
542 2 0 0 0 0
543 2 0 0 0 0
544 2 0 0 0 0
545 2 0 0 0 0
546 2 0 0 0 0
548 2 0 0 0 0
549 2 0 0 0 0
550 2 0 0 0 0
551 2 0 0 0 0
552 2 0 0 0 0
553 2 0 0 0 0
554 2 2 1 0 0
555 1 0 0 0 0
559 1 0 0 0 0
560 1 0 0 0 0
561 1 0 0 0 0
567 1 0 0 0 0
568 1 0 0 0 0
569 2 0 0 0 0
573 1 0 0 0 0
574 1 1 0 0 0
577 1 0 0 0 0
578 1 0 0 0 0
579 1 0 0 0 0
581 1 0 0 0 0
582 1 0 0 0 0
583 1 0 0 0 0
587 1 0 0 0 0
588 1 0 0 0 0
589 1 0 0 0 0
590 1 0 0 0 0
591 1 0 0 0 0
592 1 1 1 0 0
661 4 0 0 0 0
662 4 0 0 0 0
663 4 0 0 0 0
664 4 0 0 0 0
665 4 0 0 0 0
667 4 0 0 0 0
668 4 0 0 0 0
669 4 0 0 0 0
670 4 0 0 0 0
671 4 0 0 0 0
672 4 0 0 0 0
673 4 4 0 0 0
674 4 0 0 0 0
678 4 0 0 0 0
679 4 0 0 0 0
680 4 0 0 0 0
686 4 0 0 0 0
687 4 0 0 0 0
688 8 0 0 0 0
692 4 0 0 0 0
693 4 4 0 0 0
696 4 0 0 0 0
697 4 0 0 0 0
698 4 0 0 0 0
700 4 0 0 0 0
701 4 0 0 0 0
702 4 0 0 0 0
706 4 0 0 0 0
707 4 0 0 0 0
708 4 0 0 0 0
709 4 0 0 0 0
710 4 0 0 0 0
711 4 4 0 0 0
780 2 0 0 0 0
781 2 0 0 0 0
782 2 0 0 0 0
783 2 0 0 0 0
784 2 0 0 0 0
786 2 0 0 0 0
787 2 0 0 0 0
788 2 0 0 0 0
789 2 0 0 0 0
790 2 0 0 0 0
791 2 0 0 0 0
792 2 2 1 0 0
793 2 0 0 0 0
797 2 0 0 0 0
798 2 0 0 0 0
799 2 0 0 0 0
805 2 0 0 0 0
806 2 0 0 0 0
807 4 0 0 0 0
811 2 0 0 0 0
812 2 2 0 0 0
815 2 0 0 0 0
816 2 0 0 0 0
817 2 0 0 0 0
819 2 0 0 0 0
820 2 0 0 0 0
821 2 0 0 0 0
825 2 0 0 0 0
826 2 0 0 0 0
827 2 0 0 0 0
828 2 0 0 0 0
829 2 0 0 0 0
830 2 2 2 0 0
899 11 0 0 0 0
900 11 0 0 0 0
901 11 0 0 0 0
902 11 0 0 0 0
903 11 0 0 0 0
905 11 0 0 0 0
906 11 0 0 0 0
907 11 0 0 0 0
908 11 0 0 0 0
909 11 0 0 0 0
910 11 0 0 0 0
911 11 11 3 0 0
912 3 0 0 0 0
916 3 0 0 0 0
917 3 0 0 0 0
918 3 0 0 0 0
924 3 0 0 0 0
925 3 0 0 0 0
926 6 0 0 0 0
930 3 0 0 0 0
931 3 3 0 0 0
934 3 0 0 0 0
935 3 0 0 0 0
936 3 0 0 0 0
938 3 0 0 0 0
939 3 0 0 0 0
940 3 0 0 0 0
944 3 0 0 0 0
945 3 0 0 0 0
946 3 0 0 0 0
947 3 0 0 0 0
948 3 0 0 0 0
949 3 3 1 0 0
956 1 0 0 0 0
957 1 0 0 0 0
959 1 0 0 0 0
960 1 1 0 0 0
962 1 0 0 0 0
963 1 0 0 0 0
964 1 0 0 0 0
966 1 0 0 0 0
967 1 0 0 0 0
968 1 0 0 0 0
972 1 0 0 0 0
973 1 0 0 0 0
974 1 0 0 0 0
975 1 0 0 0 0
976 1 0 0 0 0
977 1 1 0 0 0
1018 2 0 0 0 0
1019 2 0 0 0 0
1020 2 0 0 0 0
1021 2 0 0 0 0
1022 2 0 0 0 0
1024 2 0 0 0 0
1025 2 0 0 0 0
1026 2 0 0 0 0
1027 2 0 0 0 0
1028 2 0 0 0 0
1029 2 0 0 0 0
1030 2 2 1 0 0
1031 1 0 0 0 0
1035 1 0 0 0 0
1036 1 0 0 0 0
1037 1 0 0 0 0
1043 1 0 0 0 0
1044 1 0 0 0 0
1045 2 0 0 0 0
1049 1 0 0 0 0
1050 1 1 0 0 0
1053 1 0 0 0 0
1054 1 0 0 0 0
1055 1 0 0 0 0
1057 1 0 0 0 0
1058 1 0 0 0 0
1059 1 0 0 0 0
1063 1 0 0 0 0
1064 1 0 0 0 0
1065 1 0 0 0 0
1066 1 0 0 0 0
1067 1 0 0 0 0
1068 1 1 0 0 0
1075 1 0 0 0 0
1076 1 0 0 0 0
1078 1 0 0 0 0
1079 1 1 0 0 0
1081 1 0 0 0 0
1082 1 0 0 0 0
1083 1 0 0 0 0
1085 1 0 0 0 0
1086 1 0 0 0 0
1087 1 0 0 0 0
1091 1 0 0 0 0
1092 1 0 0 0 0
1093 1 0 0 0 0
1094 1 0 0 0 0
1095 1 0 0 0 0
1096 1 1 1 0 0
1137 7 0 0 0 0
1138 7 0 0 0 0
1139 7 0 0 0 0
1140 7 0 0 0 0
1141 7 0 0 0 0
1143 7 0 0 0 0
1144 7 0 0 0 0
1145 7 0 0 0 0
1146 7 0 0 0 0
1147 7 0 0 0 0
1148 7 0 0 0 0
1149 7 7 3 0 0
1150 5 0 0 0 0
1154 5 0 0 0 0
1155 5 0 0 0 0
1156 5 0 0 0 0
1162 5 0 0 0 0
1163 5 0 0 0 0
1164 10 0 0 0 0
1168 5 0 0 0 0
1169 5 5 0 0 0
1172 5 0 0 0 0
1173 5 0 0 0 0
1174 5 0 0 0 0
1176 5 0 0 0 0
1177 5 0 0 0 0
1178 5 0 0 0 0
1182 5 0 0 0 0
1183 5 0 0 0 0
1184 5 0 0 0 0
1185 5 0 0 0 0
1186 5 0 0 0 0
1187 5 5 3 0 0
1256 12 0 0 0 0
1257 12 0 0 0 0
1258 12 0 0 0 0
1259 12 0 0 0 0
1260 12 0 0 0 0
1262 12 0 0 0 0
1263 12 0 0 0 0
1264 12 0 0 0 0
1265 12 0 0 0 0
1266 12 0 0 0 0
1267 12 0 0 0 0
1268 12 12 1 0 0
1269 11 0 0 0 0
1273 11 0 0 0 0
1274 11 0 0 0 0
1275 11 0 0 0 0
1281 11 0 0 0 0
1282 11 0 0 0 0
1283 22 0 0 0 0
1287 11 0 0 0 0
1288 11 11 0 0 0
1291 11 0 0 0 0
1292 11 0 0 0 0
1293 11 0 0 0 0
1295 11 0 0 0 0
1296 11 0 0 0 0
1297 11 0 0 0 0
1301 11 0 0 0 0
1302 11 0 0 0 0
1303 11 0 0 0 0
1304 11 0 0 0 0
1305 11 0 0 0 0
1306 11 11 3 0 0
1375 6 0 0 0 0
1376 6 0 0 0 0
1377 6 0 0 0 0
1378 6 0 0 0 0
1379 6 0 0 0 0
1381 6 0 0 0 0
1382 6 0 0 0 0
1383 6 0 0 0 0
1384 6 0 0 0 0
1385 6 0 0 0 0
1386 6 0 0 0 0
1387 6 6 1 0 0
1388 5 0 0 0 0
1392 5 0 0 0 0
1393 5 0 0 0 0
1394 5 0 0 0 0
1400 5 0 0 0 0
1401 5 0 0 0 0
1402 10 0 0 0 0
1406 5 0 0 0 0
1407 5 5 0 0 0
1410 5 0 0 0 0
1411 5 0 0 0 0
1412 5 0 0 0 0
1414 5 0 0 0 0
1415 5 0 0 0 0
1416 5 0 0 0 0
1420 5 0 0 0 0
1421 5 0 0 0 0
1422 5 0 0 0 0
1423 5 0 0 0 0
1424 5 0 0 0 0
1425 5 5 1 0 0
1432 4 0 0 0 0
1433 4 0 0 0 0
1435 4 0 0 0 0
1436 4 4 0 0 0
1438 4 0 0 0 0
1439 4 0 0 0 0
1440 4 0 0 0 0
1442 4 0 0 0 0
1443 4 0 0 0 0
1444 4 0 0 0 0
1448 4 0 0 0 0
1449 4 0 0 0 0
1450 4 0 0 0 0
1451 4 0 0 0 0
1452 4 0 0 0 0
1453 4 4 2 0 0
1494 14 0 0 0 0
1495 14 0 0 0 0
1496 14 0 0 0 0
1497 14 0 0 0 0
1498 14 0 0 0 0
1500 14 0 0 0 0
1501 14 0 0 0 0
1502 14 0 0 0 0
1503 14 0 0 0 0
1504 14 0 0 0 0
1505 14 0 0 0 0
1506 14 14 5 0 0
1507 7 0 0 0 0
1511 7 0 0 0 0
1512 7 0 0 0 0
1513 7 0 0 0 0
1519 7 0 0 0 0
1520 7 0 0 0 0
1521 14 0 0 0 0
1525 7 0 0 0 0
1526 7 7 0 0 0
1529 7 0 0 0 0
1530 7 0 0 0 0
1531 7 0 0 0 0
1533 7 0 0 0 0
1534 7 0 0 0 0
1535 7 0 0 0 0
1539 7 0 0 0 0
1540 7 0 0 0 0
1541 7 0 0 0 0
1542 7 0 0 0 0
1543 7 0 0 0 0
1544 7 7 3 0 0
1613 33 0 0 0 0
1614 33 0 0 0 0
1615 33 0 0 0 0
1616 33 0 0 0 0
1617 33 0 0 0 0
1619 33 0 0 0 0
1620 33 0 0 0 0
1621 33 0 0 0 0
1622 33 0 0 0 0
1623 33 0 0 0 0
1624 33 0 0 0 0
1625 33 33 2 0 0
1626 27 0 0 0 0
1630 27 0 0 0 0
1631 27 0 0 0 0
1632 27 0 0 0 0
1638 27 0 0 0 0
1639 27 0 0 0 0
1640 54 0 0 0 0
1644 27 0 0 0 0
1645 27 27 0 0 0
1648 27 0 0 0 0
1649 27 0 0 0 0
1650 27 0 0 0 0
1652 27 0 0 0 0
1653 27 0 0 0 0
1654 27 0 0 0 0
1658 27 0 0 0 0
1659 27 0 0 0 0
1660 27 0 0 0 0
1661 27 0 0 0 0
1662 27 0 0 0 0
1663 27 27 4 0 0
1732 20 0 0 0 0
1733 20 0 0 0 0
1734 20 0 0 0 0
1735 20 0 0 0 0
1736 20 0 0 0 0
1738 20 0 0 0 0
1739 20 0 0 0 0
1740 20 0 0 0 0
1741 20 0 0 0 0
1742 20 0 0 0 0
1743 20 0 0 0 0
1744 20 20 7 0 0
1745 12 0 0 0 0
1749 12 0 0 0 0
1750 12 0 0 0 0
1751 12 0 0 0 0
1757 12 0 0 0 0
1758 12 0 0 0 0
1759 24 0 0 0 0
1763 13 0 0 0 0
1764 13 13 0 0 0
1767 13 0 0 0 0
1768 13 0 0 0 0
1769 13 0 0 0 0
1771 13 0 0 0 0
1772 13 0 0 0 0
1773 13 0 0 0 0
1777 13 0 0 0 0
1778 13 0 0 0 0
1779 13 0 0 0 0
1780 13 0 0 0 0
1781 13 0 0 0 0
1782 13 13 8 0 0
1789 1 0 0 0 0
1790 1 0 0 0 0
1792 1 0 0 0 0
1793 1 1 0 0 0
1795 1 0 0 0 0
1796 1 0 0 0 0
1797 1 0 0 0 0
1799 1 0 0 0 0
1800 1 0 0 0 0
1801 1 0 0 0 0
1805 1 0 0 0 0
1806 1 0 0 0 0
1807 1 0 0 0 0
1808 1 0 0 0 0
1809 1 0 0 0 0
1810 1 1 1 0 0
1817 1 0 0 0 0
1818 1 0 0 0 0
1819 1 0 0 0 0
1851 34 0 0 0 0
1852 34 0 0 0 0
1853 34 0 0 0 0
1854 34 0 0 0 0
1855 34 0 0 0 0
1857 34 0 0 0 0
1858 34 0 0 0 0
1859 34 0 0 0 0
1860 34 0 0 0 0
1861 34 0 0 0 0
1862 34 0 0 0 0
1863 34 34 11 0 0
1864 15 0 0 0 0
1868 15 0 0 0 0
1869 15 0 0 0 0
1870 15 0 0 0 0
1876 15 0 0 0 0
1877 15 0 0 0 0
1878 30 0 0 0 0
1882 15 0 0 0 0
1883 15 15 1 0 0
1886 14 0 0 0 0
1887 14 0 0 0 0
1888 14 0 0 0 0
1890 14 0 0 0 0
1891 14 0 0 0 0
1892 14 0 0 0 0
1896 14 0 0 0 0
1897 14 0 0 0 0
1898 14 0 0 0 0
1899 14 0 0 0 0
1900 14 0 0 0 0
1901 14 14 7 0 0
1942 1 0 0 0 0
1943 1 0 0 0 0
1944 1 0 0 0 0
1945 1 1 1 0 0
1958 1 0 0 0 0
1959 1 0 0 0 0
1960 1 0 0 0 0
1961 1 0 0 0 0
1970 9 0 0 0 0
1971 9 0 0 0 0
1972 9 0 0 0 0
1973 9 0 0 0 0
1974 9 0 0 0 0
1976 9 0 0 0 0
1977 9 0 0 0 0
1978 9 0 0 0 0
1979 9 0 0 0 0
1980 9 0 0 0 0
1981 9 0 0 0 0
1982 9 9 3 0 0
1984 6 0 0 0 0
1988 6 0 0 0 0
1989 6 0 0 0 0
1990 6 0 0 0 0
1996 6 0 0 0 0
1997 6 0 0 0 0
1999 12 0 0 0 0
2003 6 0 0 0 0
2004 6 6 0 0 0
2007 6 0 0 0 0
2008 6 0 0 0 0
2009 6 0 0 0 0
2011 6 0 0 0 0
2012 6 0 0 0 0
2013 6 0 0 0 0
2017 6 0 0 0 0
2018 6 0 0 0 0
2019 6 0 0 0 0
2020 6 0 0 0 0
2021 6 0 0 0 0
2022 6 6 2 0 0
2086 1 0 0 0 0
2087 1 0 0 0 0
2088 1 0 0 0 0
2089 2 0 0 0 0
2093 237 0 0 0 0
2095 442 0 0 0 0
2096 442 0 0 0 0
2097 442 0 0 0 0
2098 442 442 31 0 0
2099 190 0 0 0 0
2104 2213 0 0 0 0
2110 2213 0 0 0 0
2111 2213 0 0 0 0
2119 2213 0 0 0 0
2120 2213 0 0 0 0
fn=strncmp
125 1 0 0 0 0
126 1 1 0 0 0
127 1 0 0 0 0
128 1 1 0 0 0
129 1 0 0 0 0
131 1 0 0 0 0
132 1 0 0 0 0
134 1 0 0 0 0
135 1 0 0 0 0
156 1 0 0 0 0
157 1 0 0 0 0
158 1 0 0 0 0
159 1 1 0 0 0
160 1 0 0 0 0
161 1 0 0 0 0
162 1 0 0 0 0
163 1 0 0 0 0
180 1 0 0 0 0
181 1 0 0 0 0
182 1 0 0 0 0
183 1 0 0 0 0
184 1 0 0 0 0
185 1 0 0 0 0
186 1 1 1 0 0
2104 1 0 0 0 0
2107 1 0 0 0 0
2108 1 1 0 0 0
2110 1 0 0 0 0
2111 1 0 0 0 0
2119 1 0 0 0 0
2120 1 0 0 0 0
fl=./string/../sysdeps/x86_64/multiarch/../multiarch/strlen-sse2.S
fn=strlen
101 30 0 0 0 0
102 30 0 0 0 0
103 30 0 0 0 0
104 30 0 0 0 0
105 30 0 0 0 0
106 30 0 0 0 0
107 30 0 0 0 0
109 30 0 0 0 0
111 30 30 1 0 0
142 29 0 0 0 0
143 29 0 0 0 0
144 29 0 0 0 0
145 29 0 0 0 0
146 29 29 13 0 0
147 15 0 0 0 0
149 15 0 0 0 0
153 14 0 0 0 0
154 14 0 0 0 0
155 14 0 0 0 0
156 14 0 0 0 0
157 14 0 0 0 0
158 14 0 0 0 0
159 14 0 0 0 0
160 14 0 0 0 0
161 14 0 0 0 0
162 14 0 0 0 0
163 14 0 0 0 0
164 14 0 0 0 0
169 112 14 0 0 0
173 1 0 0 0 0
174 14 0 0 0 0
175 6 1 1 0 0
190 1 0 0 0 0
191 1 0 0 0 0
192 2 0 0 0 0
243 1 0 0 0 0
244 1 0 0 0 0
245 1 0 0 0 0
246 1 0 0 0 0
247 1 0 0 0 0
248 1 0 0 0 0
249 1 0 0 0 0
250 1 1 1 0 0
266 1 0 0 0 0
268 1 0 0 0 0
269 14 0 0 0 0
271 1 0 0 0 0
272 1 0 0 0 0
273 1 0 0 0 0
275 1 0 0 0 0
fl=./string/../sysdeps/x86_64/multiarch/ifunc-avx2.h
fn=memrchr
38 4 1 1 0 0
40 3 0 0 0 0
41 2 1 0 0 0
42 3 1 0 0 0
45 2 0 0 0 0
46 2 1 1 0 0
49 3 1 0 0 0
52 6 0 0 0 0
fn=rindex
38 4 1 1 0 0
40 3 0 0 0 0
41 2 1 0 0 0
42 3 1 0 0 0
45 2 0 0 0 0
46 2 1 1 0 0
49 3 1 0 0 0
52 6 0 0 0 0
fn=strchrnul
38 4 1 1 0 0
40 3 0 0 0 0
41 2 1 0 0 0
42 3 1 0 0 0
45 2 0 0 0 0
46 2 1 0 0 0
49 3 1 0 0 0
52 6 0 0 0 0
fn=strlen
38 8 2 2 0 0
40 6 0 0 0 0
41 4 2 0 0 0
42 6 2 0 0 0
45 4 0 0 0 0
46 4 2 2 0 0
49 6 2 0 0 0
52 12 0 0 0 0
fn=strnlen
38 8 2 2 0 0
40 6 0 0 0 0
41 4 2 0 0 0
42 6 2 0 0 0
45 4 0 0 0 0
46 4 2 1 0 0
49 6 2 0 0 0
52 12 0 0 0 0
fl=./string/../sysdeps/x86_64/multiarch/ifunc-evex.h
fn=memchr
37 4 1 1 0 0
38 3 0 0 0 0
39 3 1 0 0 0
42 2 0 0 0 0
43 2 1 1 0 0
45 2 0 0 0 0
51 3 1 0 0 0
54 4 0 0 0 0
fl=./string/../sysdeps/x86_64/multiarch/ifunc-memcmp.h
fn=bcmp
34 10 2 0 0 0
35 4 2 0 0 0
36 4 2 0 0 0
37 6 2 0 0 0
40 4 0 0 0 0
41 4 2 2 0 0
44 6 2 0 0 0
47 8 0 0 0 0
fl=./string/../sysdeps/x86_64/multiarch/ifunc-memmove.h
fn=memcpy@@GLIBC_2.14
56 2 1 0 0 0
57 3 0 0 0 0
60 3 0 0 0 0
61 2 1 1 0 0
74 2 1 0 0 0
77 2 1 0 0 0
85 2 1 1 0 0
93 2 1 1 0 0
96 5 0 0 0 0
fn=memmove
56 2 1 0 0 0
57 3 0 0 0 0
60 3 0 0 0 0
61 2 1 1 0 0
74 2 1 0 0 0
77 2 1 0 0 0
85 2 1 1 0 0
93 2 1 1 0 0
96 5 0 0 0 0
fn=mempcpy
56 2 1 0 0 0
57 3 0 0 0 0
60 3 0 0 0 0
61 2 1 1 0 0
74 2 1 0 0 0
77 2 1 0 0 0
85 2 1 1 0 0
93 2 1 1 0 0
96 5 0 0 0 0
fl=./string/../sysdeps/x86_64/multiarch/ifunc-memset.h
fn=memset
52 3 0 0 0 0
53 2 1 1 0 0
61 5 1 0 0 0
64 3 0 0 0 0
65 2 1 1 0 0
80 2 1 0 0 0
82 2 1 0 0 0
92 2 1 1 0 0
100 2 1 1 0 0
fl=./string/../sysdeps/x86_64/multiarch/ifunc-sse4_2.h
fn=strcspn
36 5 0 0 0 0
fn=strpbrk
36 5 0 0 0 0
fn=strspn
36 5 0 0 0 0
fl=./string/../sysdeps/x86_64/multiarch/ifunc-strcasecmp.h
fn=strcasecmp
36 4 1 1 0 0
37 2 0 0 0 0
38 3 1 0 0 0
41 2 0 0 0 0
42 2 1 1 0 0
45 3 1 0 0 0
48 5 1 0 0 0
fn=strcasecmp_l
36 4 1 1 0 0
37 2 0 0 0 0
38 3 1 0 0 0
41 2 0 0 0 0
42 2 1 0 0 0
45 3 1 0 0 0
48 5 1 0 0 0
fn=strncasecmp
36 4 1 1 0 0
37 2 0 0 0 0
38 3 1 0 0 0
41 2 0 0 0 0
42 2 1 1 0 0
45 3 1 0 0 0
48 5 1 0 0 0
fn=strncasecmp_l
36 4 1 1 0 0
37 2 0 0 0 0
38 3 1 0 0 0
41 2 0 0 0 0
42 2 1 1 0 0
45 3 1 0 0 0
48 5 1 0 0 0
fl=./string/../sysdeps/x86_64/multiarch/ifunc-strcpy.h
fn=index
43 2 0 0 0 0
fn=stpcpy
38 4 0 0 0 0
39 3 1 0 0 0
42 2 0 0 0 0
43 2 1 1 0 0
46 3 1 0 0 0
49 3 1 1 0 0
fn=strcat
38 4 0 0 0 0
39 3 1 0 0 0
42 2 0 0 0 0
43 2 1 1 0 0
46 3 1 0 0 0
49 3 1 1 0 0
fn=strcpy
38 4 0 0 0 0
39 3 1 0 0 0
42 2 0 0 0 0
43 2 1 1 0 0
46 3 1 0 0 0
49 3 1 1 0 0
fl=./string/../sysdeps/x86_64/multiarch/ifunc-strncpy.h
fn=stpncpy
35 5 1 0 0 0
36 3 1 0 0 0
39 2 0 0 0 0
40 2 1 1 0 0
43 3 1 0 0 0
46 4 0 0 0 0
fn=strncpy
35 5 1 0 0 0
36 3 1 0 0 0
39 2 0 0 0 0
40 2 1 1 0 0
43 3 1 0 0 0
46 4 0 0 0 0
fl=./string/../sysdeps/x86_64/multiarch/memchr.c
fn=memchr
29 1 0 0 0 0
fl=./string/../sysdeps/x86_64/multiarch/memcmp-avx2-movbe.S
fn=__memcmp_avx2_movbe
80 50 0 0 0 0
81 50 50 10 0 0
84 1 0 0 0 0
85 1 0 0 0 0
86 1 0 0 0 0
90 1 0 0 0 0
91 1 1 0 0 0
93 1 0 0 0 0
94 1 1 1 0 0
97 1 0 0 0 0
98 1 0 0 0 0
99 1 0 0 0 0
102 1 0 0 0 0
103 1 1 0 0 0
106 1 0 0 0 0
107 1 1 0 0 0
110 1 0 0 0 0
111 1 0 0 0 0
112 1 0 0 0 0
113 1 0 0 0 0
114 1 1 0 0 0
115 1 0 0 0 0
116 1 0 0 0 0
117 1 0 0 0 0
118 1 0 0 0 0
119 1 1 1 0 0
122 1 0 0 0 0
123 1 1 0 0 0
129 1 0 0 0 0
130 1 0 0 0 0
131 1 0 0 0 0
132 1 0 0 0 0
136 1 0 0 0 0
137 1 0 0 0 0
139 1 0 0 0 0
140 1 0 0 0 0
141 1 0 0 0 0
142 1 0 0 0 0
145 1 0 0 0 0
146 1 0 0 0 0
147 1 0 0 0 0
148 1 0 0 0 0
149 1 0 0 0 0
150 1 1 0 0 0
152 2 0 0 0 0
156 39 0 0 0 0
166 39 0 0 0 0
167 39 0 0 0 0
168 39 0 0 0 0
171 78 0 0 0 0
401 49 0 0 0 0
402 49 49 0 0 0
407 49 0 0 0 0
408 49 0 0 0 0
409 49 0 0 0 0
410 49 0 0 0 0
411 49 49 0 0 0
414 49 0 0 0 0
415 49 0 0 0 0
416 49 0 0 0 0
417 49 0 0 0 0
420 49 0 0 0 0
421 49 49 13 0 0
422 10 0 0 0 0
423 20 0 0 0 0
fl=./string/../sysdeps/x86_64/multiarch/memcmp.c
fn=bcmp
29 6 0 0 0 0
fl=./string/../sysdeps/x86_64/multiarch/memmove-vec-unaligned-erms.S
fn=__memcpy_avx_unaligned_erms
262 1 0 0 0 0
263 1 1 0 0 0
265 1 0 0 0 0
266 1 0 0 0 0
267 1 1 1 0 0
375 1 0 0 0 0
376 1 0 0 0 0
377 1 0 0 0 0
378 1 0 0 0 0
379 1 0 0 0 0
380 1 0 0 0 0
381 2 0 0 0 0
386 1 0 0 0 0
387 1 1 0 0 0
392 1 0 0 0 0
393 1 1 0 0 0
395 1 0 0 0 0
396 1 0 0 0 0
397 1 1 1 0 0
fn=__mempcpy_avx_unaligned_erms
243 1 0 0 0 0
244 1 0 0 0 0
245 1 0 0 0 0
fn=memcpy
211 32 0 0 0 0
217 59 0 0 0 0
218 59 59 23 0 0
220 31 0 0 0 0
221 31 0 0 0 0
222 31 31 20 0 0
224 15 0 0 0 0
225 15 0 0 0 0
226 15 0 0 0 0
228 15 0 0 0 0
308 28 0 0 0 0
309 28 28 16 0 0
311 7 0 0 0 0
315 7 7 0 0 0
316 7 0 0 0 0
317 7 7 5 0 0
318 1 0 0 0 0
319 1 1 1 0 0
323 1 0 0 0 0
325 7 0 0 0 0
364 21 0 0 0 0
365 21 0 0 0 0
366 21 0 0 0 0
367 21 0 0 0 0
368 21 0 0 0 0
375 14 0 0 0 0
376 14 0 0 0 0
377 14 0 0 0 0
378 14 0 0 0 0
379 14 0 0 0 0
380 14 0 0 0 0
381 14 0 0 0 0
392 16 0 0 0 0
393 16 16 3 0 0
395 14 0 0 0 0
396 14 0 0 0 0
397 14 14 9 0 0
417 2 0 0 0 0
418 2 0 0 0 0
422 2 0 0 0 0
424 2 2 0 0 0
440 2 0 0 0 0
443 2 0 0 0 0
445 2 0 0 0 0
447 2 0 0 0 0
451 2 0 0 0 0
452 2 2 0 0 0
461 2 0 0 0 0
462 2 0 0 0 0
464 2 0 0 0 0
466 2 0 0 0 0
467 2 0 0 0 0
468 2 0 0 0 0
471 2 0 0 0 0
473 2 0 0 0 0
475 2 0 0 0 0
477 2 0 0 0 0
483 7 0 0 0 0
484 7 0 0 0 0
485 7 0 0 0 0
486 7 0 0 0 0
487 7 0 0 0 0
488 7 0 0 0 0
489 7 0 0 0 0
490 7 0 0 0 0
491 7 0 0 0 0
492 7 0 0 0 0
493 7 0 0 0 0
494 7 7 5 0 0
496 2 0 0 0 0
497 2 0 0 0 0
498 2 0 0 0 0
499 2 0 0 0 0
501 2 0 0 0 0
505 2 0 0 0 0
fn=mempcpy
198 27 0 0 0 0
199 27 0 0 0 0
200 27 0 0 0 0
fl=./string/../sysdeps/x86_64/multiarch/memrchr.c
fn=memrchr
29 2 0 0 0 0
fl=./string/../sysdeps/x86_64/multiarch/memset.c
fn=memset
29 1 0 0 0 0
fl=./string/../sysdeps/x86_64/multiarch/stpcpy.c
fn=stpcpy
33 2 0 0 0 0
fl=./string/../sysdeps/x86_64/multiarch/stpncpy.c
fn=stpncpy
31 2 0 0 0 0
fl=./string/../sysdeps/x86_64/multiarch/strcasecmp.c
fn=strcasecmp
31 2 0 0 0 0
fl=./string/../sysdeps/x86_64/multiarch/strcasecmp_l.c
fn=strcasecmp_l
31 2 0 0 0 0
fl=./string/../sysdeps/x86_64/multiarch/strcat.c
fn=strcat
29 2 0 0 0 0
fl=./string/../sysdeps/x86_64/multiarch/strchr.c
fn=index
42 4 0 0 0 0
44 3 1 0 0 0
47 2 0 0 0 0
48 2 1 1 0 0
51 3 1 0 0 0
54 3 1 0 0 0
65 2 0 0 0 0
fl=./string/../sysdeps/x86_64/multiarch/strchrnul.c
fn=strchrnul
31 2 0 0 0 0
fl=./string/../sysdeps/x86_64/multiarch/strcmp-avx2.S
fn=__strncmp_avx2
230 3 0 0 0 0
235 3 3 0 0 0
249 3 0 0 0 0
274 3 0 0 0 0
275 3 0 0 0 0
276 3 0 0 0 0
278 3 0 0 0 0
279 3 3 1 0 0
283 2 0 0 0 0
287 2 0 0 0 0
289 2 0 0 0 0
291 2 0 0 0 0
294 2 0 0 0 0
296 2 0 0 0 0
297 2 2 1 0 0
308 2 0 0 0 0
318 2 0 0 0 0
319 2 0 0 0 0
322 2 0 0 0 0
326 4 0 0 0 0
331 2 0 0 0 0
332 2 0 0 0 0
333 2 2 2 0 0
957 1 0 0 0 0
958 1 0 0 0 0
959 1 0 0 0 0
960 1 0 0 0 0
962 1 0 0 0 0
965 1 0 0 0 0
966 1 1 1 0 0
993 1 0 0 0 0
994 1 0 0 0 0
995 1 0 0 0 0
996 1 0 0 0 0
997 1 0 0 0 0
998 1 0 0 0 0
1000 1 1 1 0 0
1047 1 0 0 0 0
1048 1 0 0 0 0
1051 1 0 0 0 0
1052 1 0 0 0 0
1053 1 0 0 0 0
1056 2 0 0 0 0
1063 1 0 0 0 0
1064 1 0 0 0 0
1065 1 0 0 0 0
1066 1 1 1 0 0
1076 1 0 0 0 0
1077 1 1 0 0 0
1080 1 0 0 0 0
1081 1 0 0 0 0
1082 1 0 0 0 0
1083 1 0 0 0 0
1089 1 0 0 0 0
1091 1 0 0 0 0
1094 1 0 0 0 0
1095 1 1 1 0 0
fl=./string/../sysdeps/x86_64/multiarch/strcmp.c
fn=strcmp
47 4 0 0 0 0
48 2 0 0 0 0
49 3 1 0 0 0
52 2 0 0 0 0
53 2 1 1 0 0
56 3 1 0 0 0
59 3 1 0 0 0
79 2 0 0 0 0
fl=./string/../sysdeps/x86_64/multiarch/strcpy.c
fn=strcpy
29 2 0 0 0 0
fl=./string/../sysdeps/x86_64/multiarch/strcspn.c
fn=strcspn
29 1 0 0 0 0
fl=./string/../sysdeps/x86_64/multiarch/strlen-avx2.S
fn=__strlen_avx2
65 71 0 0 0 0
66 71 0 0 0 0
67 71 0 0 0 0
70 71 0 0 0 0
72 71 0 0 0 0
73 71 71 1 0 0
76 71 0 0 0 0
77 71 0 0 0 0
85 71 0 0 0 0
86 71 71 2 0 0
87 69 0 0 0 0
92 138 0 0 0 0
143 1 0 0 0 0
156 1 0 0 0 0
157 1 0 0 0 0
158 1 0 0 0 0
164 2 0 0 0 0
221 2 0 0 0 0
236 2 0 0 0 0
242 2 0 0 0 0
243 2 0 0 0 0
244 2 2 0 0 0
246 2 0 0 0 0
247 2 0 0 0 0
248 2 0 0 0 0
249 2 2 1 0 0
251 1 0 0 0 0
252 1 0 0 0 0
253 1 0 0 0 0
254 1 1 0 0 0
256 1 0 0 0 0
257 1 0 0 0 0
258 1 0 0 0 0
259 1 1 0 0 0
277 1 0 0 0 0
278 2 0 0 0 0
292 1 0 0 0 0
293 1 0 0 0 0
294 1 0 0 0 0
295 1 0 0 0 0
297 1 0 0 0 0
298 1 0 0 0 0
299 1 0 0 0 0
301 1 0 0 0 0
302 1 0 0 0 0
303 1 1 0 0 0
306 1 0 0 0 0
307 1 0 0 0 0
308 1 0 0 0 0
309 1 0 0 0 0
310 1 1 0 0 0
312 1 0 0 0 0
313 1 0 0 0 0
314 1 0 0 0 0
315 1 1 0 0 0
318 1 0 0 0 0
319 1 0 0 0 0
322 1 0 0 0 0
323 1 0 0 0 0
324 1 0 0 0 0
325 1 0 0 0 0
326 1 0 0 0 0
331 2 0 0 0 0
fl=./string/../sysdeps/x86_64/multiarch/strlen.c
fn=strlen
29 4 0 0 0 0
fl=./string/../sysdeps/x86_64/multiarch/strncase.c
fn=strncasecmp
31 2 0 0 0 0
fl=./string/../sysdeps/x86_64/multiarch/strncase_l.c
fn=strncasecmp_l
31 2 0 0 0 0
fl=./string/../sysdeps/x86_64/multiarch/strncmp.c
fn=strncmp
43 4 1 1 0 0
44 2 0 0 0 0
45 3 1 0 0 0
48 2 0 0 0 0
49 2 1 1 0 0
52 3 1 0 0 0
55 5 1 0 0 0
67 2 0 0 0 0
fl=./string/../sysdeps/x86_64/multiarch/strncpy.c
fn=strncpy
29 2 0 0 0 0
fl=./string/../sysdeps/x86_64/multiarch/strnlen.c
fn=strnlen
31 4 0 0 0 0
fl=./string/../sysdeps/x86_64/multiarch/strpbrk.c
fn=strpbrk
29 1 0 0 0 0
fl=./string/../sysdeps/x86_64/multiarch/strrchr-avx2.S
fn=__strrchr_avx2
54 1 0 0 0 0
55 1 0 0 0 0
57 1 0 0 0 0
58 1 0 0 0 0
62 1 0 0 0 0
63 1 0 0 0 0
64 1 1 0 0 0
67 1 0 0 0 0
69 1 0 0 0 0
70 1 0 0 0 0
71 1 0 0 0 0
72 1 1 1 0 0
75 1 0 0 0 0
76 1 0 0 0 0
78 1 0 0 0 0
79 1 0 0 0 0
80 1 1 0 0 0
81 1 0 0 0 0
82 1 0 0 0 0
91 2 0 0 0 0
fl=./string/../sysdeps/x86_64/multiarch/strrchr.c
fn=rindex
28 2 0 0 0 0
fl=./string/../sysdeps/x86_64/multiarch/strspn.c
fn=strspn
29 1 0 0 0 0
fl=./string/./string/strdup.c
fn=strdup
40 24 0 0 0 0
41 12 0 0 0 0
44 12 6 0 0 0
47 24 0 0 0 0
48 18 0 0 0 0
fl=./time/../sysdeps/unix/sysv/linux/clock.c
fn=clock
25 1 0 0 0 0
31 7 1 0 0 0
34 1 0 0 0 0
35 7 0 0 0 0
36 5 1 0 0 0
fl=./time/../sysdeps/unix/sysv/linux/clock_gettime.c
fn=clock_gettime@@GLIBC_2.17
38 2 0 0 0 0
40 2 1 1 0 0
44 2 0 0 0 0
68 2 0 0 0 0
69 2 1 0 0 0
fl=./wcsmbs/../sysdeps/x86_64/multiarch/ifunc-avx2.h
fn=wcschr
38 8 2 2 0 0
40 6 0 0 0 0
41 4 2 0 0 0
42 6 2 0 0 0
45 4 0 0 0 0
46 4 2 1 0 0
49 6 2 0 0 0
52 12 0 0 0 0
fn=wcscmp
38 4 1 1 0 0
40 3 0 0 0 0
41 2 1 0 0 0
42 3 1 0 0 0
45 2 0 0 0 0
46 2 1 1 0 0
49 3 1 0 0 0
52 6 0 0 0 0
fl=./wcsmbs/../sysdeps/x86_64/multiarch/ifunc-evex.h
fn=wmemchr
37 8 2 2 0 0
38 6 0 0 0 0
39 6 2 0 0 0
42 4 0 0 0 0
43 4 2 1 0 0
45 4 0 0 0 0
51 6 2 0 0 0
54 8 0 0 0 0
fl=./wcsmbs/../sysdeps/x86_64/multiarch/ifunc-memcmp.h
fn=wmemcmp
34 5 1 1 0 0
35 2 1 0 0 0
36 2 1 0 0 0
37 3 1 0 0 0
40 2 0 0 0 0
41 2 1 1 0 0
44 3 1 0 0 0
47 4 0 0 0 0
fl=./wcsmbs/../sysdeps/x86_64/multiarch/ifunc-wcs.h
fn=wcpncpy
39 4 1 1 0 0
40 3 0 0 0 0
41 3 1 0 0 0
44 2 0 0 0 0
45 3 1 1 0 0
48 4 0 0 0 0
fn=wcscat
39 4 1 1 0 0
40 3 0 0 0 0
41 3 1 1 0 0
44 2 0 0 0 0
45 3 1 1 0 0
48 4 0 0 0 0
fn=wcsncpy
39 4 1 1 0 0
40 3 0 0 0 0
41 3 1 0 0 0
44 2 0 0 0 0
45 3 1 0 0 0
48 4 0 0 0 0
fl=./wcsmbs/../sysdeps/x86_64/multiarch/ifunc-wcslen.h
fn=wcslen
40 4 1 1 0 0
41 2 0 0 0 0
42 3 1 0 0 0
45 2 0 0 0 0
46 2 1 1 0 0
49 3 1 0 0 0
52 3 1 0 0 0
fn=wcsnlen
40 4 1 1 0 0
41 2 0 0 0 0
42 3 1 0 0 0
45 2 0 0 0 0
46 2 1 1 0 0
49 3 1 1 0 0
52 3 1 0 0 0
fl=./wcsmbs/../sysdeps/x86_64/multiarch/ifunc-wmemset.h
fn=wmemset
36 10 2 0 0 0
37 6 2 2 0 0
fl=./wcsmbs/../sysdeps/x86_64/multiarch/wcpncpy.c
fn=wcpncpy
31 1 0 0 0 0
fl=./wcsmbs/../sysdeps/x86_64/multiarch/wcscat.c
fn=wcscat
31 1 0 0 0 0
fl=./wcsmbs/../sysdeps/x86_64/multiarch/wcschr.c
fn=wcschr
31 4 0 0 0 0
fl=./wcsmbs/../sysdeps/x86_64/multiarch/wcscmp.c
fn=wcscmp
30 2 0 0 0 0
fl=./wcsmbs/../sysdeps/x86_64/multiarch/wcscpy.c
fn=wcscpy
42 4 1 1 0 0
43 2 0 0 0 0
44 3 1 0 0 0
46 2 0 0 0 0
47 3 1 1 0 0
50 3 1 0 0 0
60 1 0 0 0 0
fl=./wcsmbs/../sysdeps/x86_64/multiarch/wcslen.c
fn=wcslen
29 2 0 0 0 0
fl=./wcsmbs/../sysdeps/x86_64/multiarch/wcsncpy.c
fn=wcsncpy
31 1 0 0 0 0
fl=./wcsmbs/../sysdeps/x86_64/multiarch/wcsnlen.c
fn=wcsnlen
30 2 0 0 0 0
fl=./wcsmbs/../sysdeps/x86_64/multiarch/wmemchr.c
fn=wmemchr
31 2 0 0 0 0
fl=./wcsmbs/../sysdeps/x86_64/multiarch/wmemcmp.c
fn=wmemcmp
29 3 0 0 0 0
fl=./wcsmbs/../sysdeps/x86_64/multiarch/wmemset.c
fn=wmemset
31 2 0 0 0 0
fl=./wcsmbs/./wcsmbs/btowc.c
fn=btowc
32 1024 0 0 0 0
37 2304 256 0 0 0
42 512 256 4 0 0
46 384 0 0 0 0
47 256 0 0 0 0
48 256 128 0 0 0
52 512 128 1 0 0
55 1152 128 0 128 1
94 1536 128 0 0 0
fl=./wcsmbs/./wcsmbs/wctob.c
fn=wctob
30 896 0 0 0 0
39 384 128 0 0 0
44 256 128 0 0 0
45 128 0 0 0 0
79 1024 128 0 0 0
fl=./wcsmbs/./wcsmbsload.h
fn=btowc
69 128 0 0 0 0
70 384 128 0 0 0
fl=./wctype/./wctype/wctype_l.c
fn=wctype_l
26 90 0 0 0 0
29 20 0 0 0 0
32 20 0 0 0 0
33 68 0 0 0 0
35 174 0 0 0 0
37 410 107 12 0 0
40 48 0 0 0 0
41 96 48 0 0 0
45 10 0 0 0 0
46 10 0 0 0 0
47 80 0 0 0 0
fl=/home/golimghost/CLionProjects/OEVM_lb3/main.cpp
fn=createMatrix(int)
9 15 0 0 0 0
10 27 3 0 0 0
11 12015 3003 5 0 0
12 45000 3000 0 0 0
14 3 0 0 0 0
15 9 0 0 0 0
fn=dgemmBlass_v1(double**, double**, double**, int)
24 6 0 0 0 0
25 681 170 0 0 0
26 679638 169867 174 0 0
27 2036376 0 0 0 0
28 679637590 169866973 169718 0 0
29 7806074650 0 0 0 0
fn=fillRandomMatrix(double**, int)
66 10 0 0 0 0
67 8010 2002 10 0 0
68 8010000 2002000 2011 0 0
69 52000000 0 0 0 0
72 8 0 0 0 0
fn=main
121 5 0 0 0 0
123 2 1 1 0 0
148 9 0 0 0 0
150 5 0 0 0 0
152 3 1 0 0 0
154 9 0 0 0 0
155 4 1 1 0 0
157 4 0 0 0 0
158 4 0 0 0 0
159 4 0 0 0 0
161 5 0 0 0 0
162 5 0 0 0 0
164 2 0 0 0 0
165 6 0 0 0 0
fl=???
fn=(below main)
0 11 0 0 1 1
fn=???
0 2011298 150 38 2009956 137
fn=__cpu_indicator_init
0 364 101 33 0 0
fn=__gnu_cxx::stdio_sync_filebuf<char, std::char_traits<char> >::overflow(int)
0 14 2 0 0 0
fn=__gnu_cxx::stdio_sync_filebuf<char, std::char_traits<char> >::sync()
0 9 0 0 0 0
fn=__gnu_cxx::stdio_sync_filebuf<char, std::char_traits<char> >::uflow()
0 8 0 0 0 0
fn=__gnu_cxx::stdio_sync_filebuf<char, std::char_traits<char> >::underflow()
0 45 0 0 0 0
fn=__gnu_cxx::stdio_sync_filebuf<char, std::char_traits<char> >::xsputn(char const*, long)
0 12 0 0 0 0
fn=operator new(unsigned long)
0 36036 3003 0 0 0
fn=operator new[](unsigned long)
0 6006 0 0 0 0
fn=std::__cxx11::messages<char>::messages(unsigned long)
0 20 0 0 0 0
fn=std::__cxx11::messages<wchar_t>::messages(unsigned long)
0 20 0 0 0 0
fn=std::__cxx11::moneypunct<char, false>::_M_initialize_moneypunct(__locale_struct*, char const*)
0 113 13 6 0 0
fn=std::__cxx11::moneypunct<char, true>::_M_initialize_moneypunct(__locale_struct*, char const*)
0 114 13 2 0 0
fn=std::__cxx11::moneypunct<wchar_t, false>::_M_initialize_moneypunct(__locale_struct*, char const*)
0 102 13 10 0 0
fn=std::__cxx11::moneypunct<wchar_t, true>::_M_initialize_moneypunct(__locale_struct*, char const*)
0 102 13 10 0 0
fn=std::__cxx11::numpunct<char>::_M_initialize_numpunct(__locale_struct*)
0 418 64 18 0 0
fn=std::__cxx11::numpunct<wchar_t>::_M_initialize_numpunct(__locale_struct*)
0 352 64 20 0 0
fn=std::__timepunct<char>::_M_initialize_timepunct(__locale_struct*)
0 129 2 1 0 0
fn=std::__timepunct<char>::__timepunct(std::__timepunct_cache<char>*, unsigned long)
0 23 0 0 0 0
fn=std::__timepunct<wchar_t>::_M_initialize_timepunct(__locale_struct*)
0 127 2 1 0 0
fn=std::__timepunct<wchar_t>::__timepunct(std::__timepunct_cache<wchar_t>*, unsigned long)
0 23 0 0 0 0
fn=std::basic_ios<char, std::char_traits<char> >::_M_cache_locale(std::locale const&)
0 124 0 0 0 0
fn=std::basic_ios<char, std::char_traits<char> >::init(std::basic_streambuf<char, std::char_traits<char> >*)
0 92 0 0 0 0
fn=std::basic_ios<wchar_t, std::char_traits<wchar_t> >::_M_cache_locale(std::locale const&)
0 124 0 0 0 0
fn=std::basic_ios<wchar_t, std::char_traits<wchar_t> >::init(std::basic_streambuf<wchar_t, std::char_traits<wchar_t> >*)
0 92 0 0 0 0
fn=std::basic_ostream<char, std::char_traits<char> >& std::__ostream_insert<char, std::char_traits<char> >(std::basic_ostream<char, std::char_traits<char> >&, char const*, long)
0 100 8 6 2 1
fn=std::basic_ostream<char, std::char_traits<char> >& std::endl<char, std::char_traits<char> >(std::basic_ostream<char, std::char_traits<char> >&)
0 46 5 2 0 0
fn=std::basic_ostream<char, std::char_traits<char> >& std::operator<< <std::char_traits<char> >(std::basic_ostream<char, std::char_traits<char> >&, char const*)
0 38 2 0 0 0
fn=std::codecvt<char, char, __mbstate_t>::codecvt(unsigned long)
0 18 0 0 0 0
fn=std::codecvt<wchar_t, char, __mbstate_t>::codecvt(unsigned long)
0 18 0 0 0 0
fn=std::ctype<char>::_M_widen_init() const
0 746 17 7 0 0
fn=std::ctype<char>::ctype(unsigned short const*, bool, unsigned long)
0 116 65 20 0 0
fn=std::ctype<wchar_t>::_M_convert_to_wmask(unsigned short) const
0 146 60 17 0 0
fn=std::ctype<wchar_t>::_M_initialize_ctype()
0 2733 528 14 0 0
fn=std::ctype<wchar_t>::ctype(unsigned long)
0 20 0 0 0 0
fn=std::error_category::error_category()
0 10 0 0 0 0
fn=std::future_category()
0 3 0 0 0 0
fn=std::ios_base::Init::Init()
0 273 3 1 0 0
fn=std::ios_base::_M_init()
0 160 0 0 0 0
fn=std::ios_base::ios_base()
0 480 64 20 0 0
fn=std::istream::operator>>(int&)
0 54 5 1 1 1
fn=std::istream::sentry::sentry(std::istream&, bool)
0 62 9 5 1 1
fn=std::istreambuf_iterator<char, std::char_traits<char> > std::num_get<char, std::istreambuf_iterator<char, std::char_traits<char> > >::_M_extract_int<long>(std::istreambuf_iterator<char, std::char_traits<char> >, std::istreambuf_iterator<char, std::char_traits<char> >, std::ios_base&, std::_Ios_Iostate&, long&) const
0 229 30 11 3 3
fn=std::locale::_Impl::_Impl(unsigned long)
0 667 107 30 0 0
fn=std::locale::_Impl::_M_install_facet(std::locale::id const*, std::locale::facet const*)
0 12128 3232 54 0 0
fn=std::locale::facet::_S_create_c_locale(__locale_struct*&, char const*, __locale_struct*)
0 10 1 0 0 0
fn=std::locale::facet::_S_get_c_locale()
0 154 14 0 0 0
fn=std::locale::facet::_S_get_c_name()
0 21 0 0 0 0
fn=std::locale::id::_M_id() const
0 954 135 27 0 0
fn=std::locale::locale()
0 374 22 12 0 0
fn=std::locale::locale(std::locale::_Impl*)
0 3 0 0 0 0
fn=std::locale::operator=(std::locale const&)
0 160 16 8 0 0
fn=std::locale::~locale()
0 64 8 2 0 0
fn=std::messages<char>::messages(unsigned long)
0 20 0 0 0 0
fn=std::messages<wchar_t>::messages(unsigned long)
0 20 0 0 0 0
fn=std::moneypunct<char, false>::_M_initialize_moneypunct(__locale_struct*, char const*)
0 113 13 7 0 0
fn=std::moneypunct<char, true>::_M_initialize_moneypunct(__locale_struct*, char const*)
0 114 13 2 0 0
fn=std::moneypunct<wchar_t, false>::_M_initialize_moneypunct(__locale_struct*, char const*)
0 102 13 7 0 0
fn=std::moneypunct<wchar_t, true>::_M_initialize_moneypunct(__locale_struct*, char const*)
0 102 13 7 0 0
fn=std::num_get<char, std::istreambuf_iterator<char, std::char_traits<char> > >::do_get(std::istreambuf_iterator<char, std::char_traits<char> >, std::istreambuf_iterator<char, std::char_traits<char> >, std::ios_base&, std::_Ios_Iostate&, long&) const
0 2 0 0 0 0
fn=std::numpunct<char>::_M_initialize_numpunct(__locale_struct*)
0 418 64 14 0 0
fn=std::numpunct<wchar_t>::_M_initialize_numpunct(__locale_struct*)
0 352 64 18 0 0
fn=std::ostream::flush()
0 99 12 3 3 1
fn=std::ostream::operator<<(std::ostream& (*)(std::ostream&))
0 4 0 0 2 1
fn=std::ostream::put(char)
0 72 8 6 2 1
fn=std::ostream::sentry::sentry(std::ostream&)
0 147 14 7 0 0
summary: 8654868286 190352702 313206 2014328 1098
